578.5427465
525.4896218940484
527.3822874368616
515.1675600978575
559.9615164
488.6504564678588
581.5483332155402
522.1224247787628
546.9552433
533.7448099423858
574.5195219934927
493.75069895471904
532.0704256201902
530.6616614086186
566.4626648049621
514.5713257255768
535.5141819
519.5092054831335
540.4811817854682
553.1962625881259
514.5552148693854
566.7296327786995
560.8336923037363
551.2883438100839
560.8159674913337
523.8653657179344
536.6564664
518.2167492108896
533.319848
551.9494024268087
523.6866431570003
530.3718758561627
523.7877483521972
520.2393697818244
524.1466938825413
539.2068828314905
514.1859269
544.9679850295364
579.4257624923036
556.9980826061505
535.0673357577099
519.2909209091295
522.4380262728993
580.2401300347857
540.6810109254432
524.9194487
543.9492568
590.5078088637515
542.2962812387362
554.0151199998897
546.5115104827588
531.3881113679539
513.628712
531.4545628648802
534.6748745114925
553.2868799444119
559.3254306265881
561.5460550750246
546.1688121093416
560.4370154459504
522.2753640210049
569.3719979418399
551.5358528065037
532.6274062971037
550.9570301376931
537.7498478821715
566.4105239165256
575.9473923211721
592.6788958894656
508.04815185398667
507.00864172889516
527.9203161351893
543.2272733587259
560.2207703539657
546.8751620256388
494.55710890486637
532.4416114
559.0606398784524
544.8667074445179
557.4766638450336
534.3660093467981
534.8620235940413
543.8473934882859
549.1006302557589
544.1220533
542.2694499375303
524.1598569693598
548.3338483
542.3350577387021
566.3582556779321
568.0522585695525
543.8145284399214
530.8618650363059
524.8802818898021
549.4182199833856
541.2984104521046
531.580055
540.5133371
525.3033059572756
555.9446245516125
529.2239134730083
568.6778587339892
548.9457139675878
553.4524323207901
514.6815489726159
543.4456807
556.9624407635245
517.8172142783307
533.3581490572988
540.2580670899389
508.55930576242616
546.8639757142537
559.4981300570525
519.9192441183897
547.6969867615578
509.89177707436346
538.6034848055502
503.2788835715881
566.1617898244926
549.0734433391349
538.9297426084416
521.8091212411148
569.8837806489097
587.1354250986192
498.0628330507028
568.9630519
578.6250069382493
547.4017809103256
512.3764760512744
559.9118462943156
535.3186090356539
525.6667641229128
511.6983428819385
552.4287547419868
558.2155992103443
525.2235542435373
551.7172836095391
513.5884340711522
558.4330380902668
540.5824019784752
535.1885413295201
537.1447706598111
560.0453057010097
557.1985892258252
551.9282698406979
542.7056250037743
541.3096110784987
554.0431722354718
544.9229537833684
555.5745598038257
532.3520087
485.85673447987114
564.1540133534551
592.7146953323506
549.8406929448909
537.1815225868232
536.3436741
536.7450222836528
539.9048417602318
514.0818031465664
527.6336293500358
516.8531079292867
545.3052498412428
532.6606654353212
551.1156709034456
535.4617827970062
562.8817370170705
544.4787179044673
592.8095448588016
497.2413052885458
524.6954943646898
560.8311876149204
601.4813711249416
533.7616981
540.5150141954535
534.2743974264782
571.2999404910593
532.8745476767257
555.5152608012692
532.1302899246864
510.76376697582333
546.8260667
551.3047171
570.3612387482049
536.9437738583306
525.3629326
552.7192852995538
545.1161839826585
546.0531884690498
537.8067286753063
567.1104022205628
548.1435202
585.5605669513951
565.9095300069894
555.0132240548693
503.0264056472888
553.6605520278123
549.3423148509138
558.6514381396696
564.2903444389254
530.2777881568289
558.9652049
526.6085527398587
586.8268022337782
509.46059334458374
500.15154406113464
502.52288986236977
519.2255549022632
514.1460065413149
586.8571135243045
531.9770061307612
509.22564389659726
565.9905027517398
526.0602615
511.54880280081426
560.2128186
554.1619099348017
529.5010623307656
573.1726232100378
542.5049164
578.3587321239472
551.2941900438179
576.9140846383743
542.0454396692148
511.9253966
599.4420854
526.9831379032968
534.9062019696032
523.4898582102056
534.8013740743518
545.1614940668519
544.2046880842337
555.0602674344973
582.7338772846165
536.7124615305032
511.6309400932426
512.7501708129312
524.2705182885038
502.01574042655494
558.9898302836865
528.0623097279818
532.3321287441084
539.4568020225405
508.0454401667947
519.8789821406546
555.3872412397266
554.0469582814654
529.3139885240868
583.1946765522188
510.0355949194455
531.5541373971869
534.1704075801442
478.4273731439168
586.3890472403136
548.0690040329591
515.7968004714337
589.2624656873128
553.2640053550136
549.5607832150693
525.5971783901695
541.9713032585374
505.23294892833826
558.2688869049607
530.8811974438606
542.6203574729891
568.1289120488301
546.1490972264658
545.6259384687045
545.9553535749083
522.7501777827952
559.2537725887613
576.5309096038504
557.3998043573653
560.4314143995805
519.5220968995513
519.7343029137384
507.07925645925667
568.8673472190485
533.6344045780205
572.9829158898372
521.6576400563483
529.4429354646632
541.7196477894659
561.3129695377071
540.9122862
544.4222991103594
539.8843631027356
543.6281627692588
514.2045126973345
541.3819337810226
535.188329
538.1836531
551.0475279534771
523.9340899810087
537.5431873784122
532.6441527026262
549.2719003
558.0226776944666
517.7788023401214
553.2699174665022
589.6328853468995
506.41922587601175
520.5758914765041
519.4484468035449
533.0627628108555
578.5055127950318
539.8106402517021
523.6183314099671
554.1247581967709
525.7598399167981
566.2103617560928
546.6313334117186
572.7102855732041
524.3699819672045
614.6242287826072
558.9791260264512
554.9065308689915
538.3141376036484
522.9227684522415
519.7347175014676
536.3544574953186
521.3131458554333
546.1004153436309
520.6671334666486
554.1075783256401
562.1507022959698
523.3673349929537
567.9000123028195
534.0072496639536
566.9872129618481
549.7650617861333
566.1839659321217
516.8532642641073
537.0281499741053
574.2556916794933
525.3476843275032
494.23812401557404
496.2535594
484.36265958522125
492.60469569940807
530.0323982926586
570.0007702913216
529.3354507819188
547.0608456345955
536.9542948874923
539.6991139096209
535.6116109221126
535.4738243908868
550.3091628437438
512.8899186251134
563.4580685
561.2783932791693
534.9931915
558.5178926623237
523.4685593348771
527.1770045191222
543.1391155940253
535.1044953652839
529.1872774
524.1195972672575
526.7175320772775
561.7409303980098
496.2378873
547.7428891937215
534.0418193382706
556.6572446
551.5867131019854
478.6445388077487
553.2398419631578
547.0784208791649
540.0082738974817
528.7336924
559.6695188374233
530.0007061046991
583.8016178209052
552.7578427458087
591.46292
521.5763682196318
500.25401993164036
556.3454923290766
559.6556249148381
540.3218726509941
504.9480629113748
529.2064627020682
554.0337654735317
535.2436417679127
536.8158815
535.4443753273936
518.2580942175916
527.2723118017665
507.3917011509443
582.1276567644728
528.5813606045756
550.6985889
516.3007470980657
558.2569320666452
497.7377525062302
561.2928109420079
538.6805807495411
590.7707517368268
510.01788773279515
541.2760688200211
548.0902165170962
568.8831572776111
529.7767119798496
541.5108941244976
492.0053657987582
520.5759593521733
550.0831989837129
565.7420268107753
533.0022676
589.3938258071285
581.9346184727017
538.0950456823882
486.3027988629324
499.7885810019893
521.7485867300777
566.0260021966443
546.7490314018694
493.0268694399325
534.2180607952788
578.2694744473714
530.8728315141176
522.3748547
589.3499329123827
540.7415225119948
528.4953294982669
547.6880625113572
539.8991595272086
529.6335052106483
568.2853666584653
566.0226105981478
559.3706176016727
537.1184012832567
566.7826956040029
538.3485434493929
550.4388732
564.0293543884255
558.6008029545116
582.6736353635255
550.0753451824671
501.80278518769074
513.2388792615469
571.7584122482832
531.8675571365909
548.5455785920608
520.0995308446718
563.2340315209692
530.6439058977294
574.4206902
527.2901452638595
566.0818144217267
555.3797062
522.9948670296036
565.6160374716669
518.9781822493605
520.7484412225175
556.5111547002122
525.1826363647206
525.8946735437997
531.5789795925073
516.7832531314803
564.3037503644558
553.8081139447678
537.8942705264437
536.9912366665523
550.0486448496191
582.0619363862279
560.0955016505305
527.8296918567214
557.8462534943728
536.7515563473911
534.9025133
584.5995374115342
529.8660248416987
528.4946971692475
496.05047514796934
507.9207046132503
550.0715340219152
523.6132119324881
551.5947843066501
514.2398792011742
521.9853821686424
555.3838772301349
574.4894840062152
553.4261103706104
568.0256987482471
580.5431887
564.1846999099491
518.6031686392184
537.0616282730433
554.3248191067765
529.9592719974432
550.0910091771307
504.07216025548246
520.6104635
551.9143682433929
490.00702053003624
514.3982444536732
539.0896844733269
501.04069897862644
540.8278544120097
521.2620745300845
532.776302
533.5241713623966
543.9113014145348
526.5749552905945
541.5859466220788
525.7292597
552.5603158084125
580.273937
544.0885873872172
543.4570604872104
513.1541612522452
555.8330623513303
522.1929386206863
521.0536059101423
552.5927816876878
543.7182195388586
565.8150620943114
574.0444827868366
527.1212586499963
542.4880084376676
581.9387725431961
562.4026542362511
556.3038422020742
570.6797716233864
525.6513361786017
554.4771448638548
573.2148667
578.4573206257618
521.1132791172837
533.6919209619437
548.4553604556305
532.8358250914415
530.4845222239667
555.6092097481711
531.3615951088498
499.5662059742274
547.9632909259067
529.7394369715844
522.7893174536699
504.36317326731614
563.5476352861001
490.2172830103832
501.4732251240114
533.1373245317179
568.7866673337408
570.7656879379786
513.353411
535.3943256
505.5638995315645
563.4842414450446
506.30148788124956
536.1879519242021
564.0122971920329
534.3640352783568
574.7185471263335
519.6846538034149
548.136394
559.6695420408159
536.2683104
572.6495624120466
552.3715415100547
502.8098408303104
639.6469732370745
554.7648544093789
541.9974265490558
507.9975327325384
541.4015115898583
528.9322945
554.6624953809471
548.1948642262208
584.2611291245339
542.8118522554649
551.5495095473473
548.2134113488855
536.0658679898692
535.2615105320897
565.6647916869688
557.9088337074468
525.0900352872936
514.27162
537.9386638573186
567.1372698773299
538.8622334464501
581.5889409
521.8111711669806
542.7975906097442
484.157213
525.8533970819524
532.3748033
551.4885968342674
580.6947244602056
540.3121926835586
574.3171579935598
555.0760439556058
562.8821484
528.7909830219105
572.6169777989901
515.1676563443785
551.1144213340432
517.8537098977048
527.6097750532579
506.6317244509236
527.6505727331647
547.7104367377666
537.9071863
509.1141861245251
574.7328731584497
547.3831624067122
563.4081019877935
558.0336293285178
524.2905154213679
496.20109974074364
518.6704429677158
568.6937130096308
515.5981247347727
558.7738095802815
525.4749174947044
548.7006201988391
498.79308853594034
567.2747535617204
538.5809392839352
560.4535196400707
543.9246007294449
558.3418358501754
537.1404694175238
557.0295259515264
505.5831165889282
514.9960319018745
556.6012313556894
538.5923011
534.2183286701024
535.3487277882192
551.2701036014632
525.9059683434717
551.4736484
518.6622446456137
530.1324271
562.8482411930228
564.9414591091521
514.6319063028834
559.3170423271314
515.9167759633489
556.7819984541054
497.1888832
514.1903427058916
527.8179963381623
535.6510744916271
573.5690594572915
560.8917951027422
577.3277086235329
568.2401857924483
532.9764239912306
533.3556627
564.8860383288519
540.4383536039954
535.8698221969778
509.38935612481765
537.0358621
478.47035564203765
529.0193309024204
517.2342206677065
555.8141303059601
528.5063489218189
531.9186131518751
571.6846042
515.6974526502887
546.8992487554914
497.2647037440175
541.5869415710582
549.1056869785652
559.8281777037794
519.0440680486483
546.9697791
546.9344252981844
539.0545948442478
542.9931783369608
550.3652702
548.8132382563814
516.8756943
512.4515578
600.9035355838494
585.9418584
508.15310987911437
550.0501171573895
554.2590491429269
557.2207733355585
542.7685214048727
518.415114
535.2840691
528.2233385
542.6279411021375
533.3087630012211
536.4537083801216
563.6623023998433
568.8258772219476
512.7769673772978
528.9325840727141
521.4582414762567
568.6586454
538.1247786
574.1954289213716
528.5311623663762
540.1043783104275
509.0937878160702
570.589679
531.1513172245143
506.1143697253274
525.9259309872348
488.5796454046398
538.7628593811002
542.1173727010764
546.2273313270266
575.4098474094585
532.5613534619802
558.5674435002783
546.7952781008478
535.0331345586638
493.3969757642435
561.9422969936048
527.9314864186168
539.9175329247647
510.80986082725593
546.1079278602833
542.0134550681541
540.1837811827635
536.3817780210793
564.4062839829551
562.3949522486507
556.6118337813982
622.3449031737476
525.7503237793253
530.7652270457761
516.4580521254678
549.7135097812652
523.7806584277051
480.38063242796653
512.0664794248975
541.1799555645005
563.4498321220489
504.5540452716762
525.4741229050641
536.2766127389084
522.8566360456597
551.9685933542864
539.5935436052231
547.0076346097783
522.9313650479953
576.3617398843688
539.4919911
570.3691811
529.4090347335685
553.3681886523265
523.9632605819131
517.8793897633191
523.4008825016515
538.4373751707922
534.4486388780268
576.4279530605844
513.4920631553296
514.7828079356209
580.4331760587295
553.8145209107613
497.56115934742706
551.1644531739256
545.0363662903442
491.9635221038592
530.9925497744068
539.0957914396355
556.7431853
562.1113862
541.7271434369834
564.0236273154237
536.1169789902592
519.9644004
518.2521381175725
552.2412540235111
495.9211103
555.4612076180293
514.4234561372488
531.2287267632528
551.3568200003349
568.5172529237378
496.29429286560656
521.1134271764935
540.6404052
525.8439323
559.8703706201492
493.19352384812595
547.9622143755213
549.4755506428148
540.6408402198681
565.6948785936213
511.70899314458603
565.8501410525481
523.4330757185688
556.6030631879809
532.0295294
558.7329387840392
557.9194597542779
506.57397995252444
535.9275061844074
537.3599972843816
534.0087810418265
522.2469508259036
584.2216348699503
544.3748089
576.8200549111971
526.4535687396959
515.4151771732877
542.5783375997524
526.5874610272812
597.9170338625147
545.2260630118395
566.9216435993044
534.3221646316113
531.9870329670994
538.7838497034186
547.8188265578068
559.5805904
536.6734608900488
523.9301814909884
515.2804072419126
537.7242281496317
552.9618746098236
550.2330192859166
539.0873835067786
525.7522806179129
542.9172532600724
552.9343363
538.6469909347976
542.1145919251039
536.0194192758227
561.1693124
529.4271930358042
543.8233985473111
548.7317462503994
556.6023937937034
575.3548199081267
555.4049739394842
553.5865873271505
506.43926283342404
553.7578357737736
595.4421915942291
520.5794945251063
516.3532954726825
534.5424308481736
563.7276621071909
551.8163500104179
528.5415438354522
538.6661630023679
564.1106849906392
555.3372729971813
598.9139617286719
563.3504582
547.7681663753137
553.9561002
531.4627588095245
517.2813272294735
543.5058685782709
551.0054457636921
508.0746667757286
527.5142203743808
530.9995507294892
545.7004570761868
533.4901349500582
549.9289697547846
541.7822652237388
564.6760463258075
501.2180296224191
579.3590340754276
573.4225217711273
540.6695998378509
554.8049341581647
553.7612766
522.6598395927224
543.3354217387955
557.8643692183462
546.7383186220524
564.4573280140294
541.7096522341983
541.3778327397523
521.9742926605389
531.1073174723646
528.9374169622357
580.5653970177782
545.1107550391243
516.7997622653348
548.8301869305309
535.0634659342567
473.09288949891686
550.7517029626148
504.64613252161155
553.0927461594351
517.6487910453429
506.6988292221613
551.0950554526877
505.91766905369406
529.2336873887164
544.2643166
553.8966836408946
557.0661373269236
538.6594181634948
520.5261070706739
586.0432633662615
525.6201726192357
583.0204631924922
529.1010858385946
567.1335061
564.9101886
515.7758380229142
547.8086295
557.3179666031324
556.0151744175934
534.9039106625694
546.5535836
530.4189604940652
512.9819059
562.8254980026912
526.6679928994802
572.4880991697501
553.6636865548821
519.1788554990092
535.7729159472161
532.8957027
519.6649960709507
551.2630963134916
528.5076738475799
578.7255843052405
559.8527463531162
519.4571279839021
539.0599535591708
534.2641492
504.3898643986814
561.5497650678941
561.9980778307597
561.4107884948808
528.9995276816342
564.8863869851092
534.6551263592276
561.643783
583.2446708072666
542.7618548081616
507.55337366363466
532.1966804
554.5821527951069
568.5645357259641
513.8215338492354
535.0969627225263
544.9427498703456
549.6901520806798
561.0468108579912
517.9344045677476
529.7625535310474
563.4057039048223
548.6823451473667
550.0066543229312
566.2569134044625
541.9207342159871
551.8935650410659
532.2501881629723
509.1745187591093
510.2653193754635
541.2281116531351
534.8895707404155
524.5220479715246
546.9311340244892
519.2318983925692
542.0905463028529
539.0478493755653
520.3561185358702
488.72051209630354
574.3816322610305
546.8987392406771
481.08855868760975
529.6953294155571
548.7166336575718
534.2324256962081
553.1371333473343
517.3815822247672
543.5809309428038
538.2609946565809
535.2692973190202
534.3958729929312
544.1562210630776
561.5851696593844
527.3380989432288
530.1327011768126
543.2396089142618
536.7197242663232
548.5234742529194
556.4292816654305
570.3112675356581
536.8052840278121
489.16022393433076
537.8874257807028
547.7753104603541
535.1796729961679
535.9564379406232
485.90541425595876
551.4185418556998
532.0334630307459
505.5504121631694
519.6530506876087
519.8004185024148
553.8136972505393
552.6925874589932
575.8218933710277
554.7477017404004
509.02912913599613
507.77041444255815
566.3884992506113
577.109676
534.0117020131188
552.6251922488441
505.6849321815739
496.22511571871695
512.9331379499375
531.2752641670955
527.5364589488457
534.1870813491543
528.2258537594195
555.4968935129672
573.6660871754832
540.3413342156248
588.7259823563049
524.9779513944429
527.4518959708334
548.5737872273422
531.3298546947027
567.5182500713046
524.8266103644161
571.0846406673247
544.0255254615201
602.4426777540438
528.8373838
534.8174892479336
542.8912519844583
491.1899805
553.6592623956328
550.7752448369637
542.0434734488133
504.82639355137724
504.7793788360965
553.2867687432275
567.4725166116326
577.7996421
519.1164458590122
516.1028675287399
533.2269332833878
495.5466537771311
526.0057944061966
559.6336127751204
578.7980516686391
546.0177323085743
578.9462302903966
549.1200283372347
543.9597488181329
535.5369176471235
543.8561811169454
533.6189553707666
536.2406537192421
524.3576312594387
545.5453151620785
539.8360828157786
506.2357807673965
533.9438908586479
520.0052284563384
494.00434898173495
550.8472106839658
576.9111741974046
597.3922042888103
577.0037725520572
519.6669206
567.4741350454019
566.1248068434809
495.2888215422144
559.8623132322526
554.2528495
543.2920285414419
546.2399846801687
540.8554537459015
578.7316665361295
530.2570177577769
534.8808585030713
539.6721869856223
545.9357399685363
500.09644676576454
572.6904409880615
544.7754304833626
552.8705934292042
544.0990302056413
535.1914994
531.3197360505254
541.7357037842371
543.0407344823517
566.9865756884645
547.5912621791133
536.4118747402092
587.6271703276857
510.6129151522974
509.2796741018296
547.7925489881575
534.5948689037092
499.85244107443793
532.3036295847335
523.2589463225162
566.3983232960232
525.2750420337351
564.4401843116252
550.2764416079937
534.7338292859905
539.9922237409535
549.5402796464019
488.5138595
547.1441760344189
530.7743112627109
582.8783001750361
523.6954685939758
566.6769862847558
484.1859366805832
558.7397134
545.9460413
533.7988533879466
536.7026562108584
533.4879657208038
549.4066132515362
536.3943421
499.5699703096955
535.2060119897284
593.9331106161986
540.5888872065588
546.2910013339332
529.4305123451924
543.5549021620628
543.6458837370633
533.4732493197058
559.9098734007321
518.4997218061465
536.4878695452021
551.3490377550104
533.3401248644641
511.8343482142794
552.6123857340241
517.1837046354093
529.2198252084274
520.6212210216762
536.9372750551032
529.6279536
528.5991633754556
555.5369834287033
581.9936862504001
531.2677988
551.766619
531.3158057395758
541.8016077298653
566.3160504459399
540.6690452506019
520.9034622939563
522.8253959380049
525.3768446991909
539.1920482491772
559.7834022100319
508.87265968142384
515.9587891076653
518.4670888107711
500.39433872827505
571.1639565799347
538.6571624976641
585.4628654834908
507.4401920908333
570.3847034300347
523.4617121062319
530.1297445568348
517.0323778417427
517.9026770878418
509.6404533008884
544.5442751801389
509.8497213465972
533.9185968
539.2872075725877
555.1937539
541.8353883158952
547.0090444197009
551.5710057624761
539.1005238729275
547.9986607929799
517.2380041680709
521.8021900139322
585.3805614347021
539.2284617073365
523.2624370903048
572.4910962209693
535.8733041113974
524.7051011
506.9022786405951
557.8959887468723
514.8722143035441
527.1359733556661
554.6564432042472
543.7789084337089
537.4988226453528
534.5577454039728
566.7589746317733
593.8194989479439
526.9154428410632
552.8653496702456
586.1689337976355
565.1311431167834
523.7954327490122
529.5984608514037
525.8013617714878
518.7146394403951
525.2150955086091
545.6120457
526.0488331947881
560.2215159499345
542.3685150285937
530.3633859
560.4598868271434
546.9536606363071
545.6822715504278
564.1834695868484
552.9690748175885
536.9795401082324
561.7019361825431
546.7265847954702
611.6296718005141
565.6085483
566.9366037474631
570.3064709914258
541.3566104417491
570.8439972238803
540.0429813455589
520.5534665371833
526.5704769246848
551.8923100293243
504.4633731
544.3573939276993
522.8608507332781
556.4275021116598
522.4601520515444
584.7462016602498
557.6159253654066
510.84505651066513
581.8973267263679
534.2528356676847
522.8805067662751
516.2582571267543
552.8382559637136
575.5686095355194
526.2435079812418
516.8399022539842
513.6909757890157
575.3677024
579.6981610441159
531.4744872483888
552.1239183486972
539.4332746502882
538.0955592632635
562.3417786201647
549.8310331787031
547.2011690584358
532.7537449056118
558.7631545188528
532.9960860016085
540.6604231608576
544.6179334261307
512.3348764655003
532.6044479221655
532.2950813395673
541.8542983775359
514.3074124778427
512.6568076
578.5207669515769
567.0153993232252
560.5309939891976
583.5530989566336
549.3260827716658
537.3912843819952
550.8067456336476
497.606616
514.6113471357856
557.3957621602334
540.2580888517108
510.6522267216271
555.0009791833962
563.1860705047791
555.2240563693612
538.7980940340773
520.4442992
542.0032931826235
549.4992840211256
531.2432434403858
553.6776186419763
546.8468644211316
547.2864871669032
494.3372304383695
565.1806351201018
581.0377647429166
530.2415360735409
506.29416365369866
554.5330973155964
528.8022447542332
517.5208061239184
568.5117595
508.3348755362761
556.4086483654569
511.30944572642557
574.5234770490746
551.6218007819505
533.5606117092942
542.9780831479067
553.1789444038462
559.1068056718776
559.0562341388799
552.3382956862778
528.5356907946009
555.1333118984024
509.9128110333025
563.3118447594508
560.1445549819797
572.8409018955509
526.0092236959715
543.8392133180997
559.7900128625612
546.9274542751999
529.6898916883274
546.6798657645493
541.0817348687114
563.1086130900901
525.1121484357739
547.4365377781718
546.3413635423018
557.3643807131732
537.8118285255268
542.4632198416944
537.8567679445631
540.2917941876108
539.6947082725579
531.9713988365147
609.2662778809186
520.2683301
512.9466796911252
521.3499926275965
523.2725232486994
539.7661520240481
573.7496398356668
580.1385394073666
545.0361708776236
484.53411087375605
548.4941494075297
509.9275023309868
528.0058008689342
513.4695667870169
549.4685170666116
525.1540510232121
557.719107
550.6912983467973
533.9583815246689
541.3733939471067
561.2156707869498
530.9338665911577
561.1721997323939
539.0526385437852
545.7886040407636
558.3701053302829
571.3017936033901
551.7228809100181
540.8569543010123
556.4866109027382
504.80355383306534
578.9065859659331
509.6021833559055
560.8848049248708
526.5664572839781
551.4011624952034
536.8024376298453
546.5918979489363
521.2342831304812
491.62117339577264
549.0204273978651
525.7440142611458
524.6566981446485
522.9289310654971
587.5727323667785
526.1582819081856
547.1381647001751
513.2328505675893
576.0286521563194
526.7453259224625
482.4040424888218
606.2508447270328
514.6098976
570.7466967011214
556.7831798313885
554.8492374984344
534.1555860015634
543.9090918
568.6638748
532.5623943144072
545.3641369859438
561.4781415912445
541.4392622690926
529.7282628238485
574.2618581615072
547.4883623598447
536.6037827060022
521.7926649359654
516.6626101
560.6454027747253
561.9850067458231
491.4080011090417
525.4052013149907
562.3627139618602
598.7962354
591.78167
561.8061103188193
572.3298900294421
527.3993530982991
557.7770404913803
511.54195265961744
526.6182720895697
547.0006976957981
592.2294115511289
557.1399139
545.8926047433501
535.5681917
509.66900526302055
553.6735007755968
531.4602555226335
545.0765036721886
519.2529069
542.3218470815468
504.9863857115947
551.3218243216339
571.0117369675353
561.1319375592217
590.8525478198382
547.0849926520875
551.3563821802628
551.5817598071291
519.4673896434997
591.8549747210935
562.9360432365153
533.8950678162158
518.9514567571722
553.1651891
559.7722325
542.7099122447485
543.8360043415552
535.1529288547578
539.4369419669969
571.3904815949705
573.0019907021341
505.7874862
542.7331165478845
512.2699657625918
509.3785603126116
553.2709254388695
520.3207463776965
471.0705788696133
554.6815578101281
570.0893775
588.9483516061982
530.3823753086723
574.1079034745575
481.9815585136174
515.8231976074409
551.6791498
550.5546855241594
571.0287334982227
562.1644314752631
537.6111227498601
576.1810785005695
555.6685126837378
580.8552748211766
521.1560443293838
546.5134699638148
529.6231763886539
558.5303823007166
534.4298184436624
533.6878350796491
509.58029964616424
546.7003958574658
566.0174387331609
563.4112567276997
473.8613392677346
503.19504183480507
588.0968655112733
535.1642192677604
536.0554591385994
567.2323053
544.0833338033093
525.0189277615257
534.6529643
585.3717457945672
508.37834963830375
570.5575115828111
532.2999100378789
533.2432199
584.5100693100837
524.7867502911861
559.2310082021979
531.1412336969439
507.2714270196228
535.6618132445703
567.3199254509758
535.2041399101631
552.4022451262355
543.8939918552645
540.5885419802963
529.8988469769603
542.5674743478403
494.32971053820233
529.1967550817872
499.2218568727319
545.7956796542452
547.7939258380645
521.3401563118929
558.4197450084756
548.7648505809884
546.3564262924235
531.1789217516766
550.5844946298688
564.5274085
524.3903055
520.8744011761235
567.8102417661111
488.2955885073988
482.0587181641277
498.99035563858416
543.7346441971332
543.0482526715393
551.1463396101558
541.2666818216638
576.3826511
577.3355443316992
567.0780105777071
513.3353570780171
548.0040814
519.7697272887417
528.0056012279235
516.2679637652791
539.7493397543078
552.2763818346593
541.3298895543951
512.506508
505.2252370175707
522.1027090170659
521.7535345465369
558.0107370311586
532.1422090976304
535.1402801
535.8711730264073
565.5637767357385
578.8357110747546
549.5024561449329
533.7692503666167
573.0484180582239
549.7668364087634
529.8168210890979
563.4688909
544.3311005663795
507.2285820309649
554.2463953138067
546.5033977692268
498.09155057298364
491.8238985311496
542.6729402689296
555.5937936348536
553.8096706939531
508.82488131366483
531.5078917712771
555.1932579999735
505.0141168965999
541.4833769
544.4739254871647
561.3686457
485.45869840807865
542.8757353515398
588.4253322620598
525.2760459135675
532.2118317547053
562.0992141
522.0789543
567.0278691126995
552.1910853
504.1823777592816
541.8400890663684
506.6844993999955
562.0642926455962
501.8758639864987
499.0541778000049
513.7439122
521.1830419511343
570.8942212944934
539.0771812500568
546.2960908737637
565.0300958295579
523.5481490637502
526.2457999494179
520.1890929989291
558.0258939337509
578.7650332730127
545.5385240626098
525.2292187931814
527.5594990025663
514.2964357
556.7370273
515.3900816834732
533.6240022714156
513.0448399260391
497.1749604759269
483.66491598273575
519.2388228652362
544.5851618330796
532.1757494726492
534.3373539138627
515.2027662753063
518.3078766445482
515.2842689492753
544.4248494119975
589.1732895347747
536.3453405491473
508.6432443850601
569.8560184377782
516.8188816854977
552.5949966722409
529.3257485537597
541.3855689429038
625.3391013818405
522.4297572981113
526.0567202680816
548.2789358599564
538.9916441982466
530.1593610367465
523.7599283105105
553.3790045088682
565.0902951
517.8532205046652
513.7631666185604
583.6808105694902
507.42224005283407
556.358507
549.7877878
514.5031974508804
557.4162981879048
514.4977357429066
514.8002395431126
508.1999662000328
559.2123625477168
529.1734424573324
565.2817341528839
521.0246314491291
553.9545826601916
573.1694328517558
537.5083794525855
514.0058746370531
531.6093854986186
569.4667674480321
556.9274023494659
530.6175247259125
500.5026796714489
556.363373
578.7060372748829
579.1464905
549.6379457551859
535.0858949234367
521.5631930897675
526.3753794598193
502.5438777765012
591.3795690943572
538.8753292263427
597.7694075601654
537.7746973543299
503.2237808096136
584.4761796289056
519.9122873
529.4338438956855
579.1454197
574.4371203168389
494.4719156008934
539.5251705790366
514.8005959022278
552.1579543984901
583.2358721862728
527.6246565352126
575.2889456884172
518.3755947
592.3398107766187
520.6770669189237
528.8550571
546.4359880830445
507.95860454309485
576.6859144590304
515.2329714547577
553.9376411236206
510.39983208788277
542.0543053
539.2564816500177
530.5661099445989
550.9736441206474
514.1965008928806
575.9981539535303
544.2191351856337
478.4611432
588.1075164781479
550.1091714568599
576.7840610523028
535.4103457705273
489.46925030513535
529.8482485919178
511.78612935856256
538.6084205054584
528.4141867937378
544.3728327505158
500.07153189806314
540.7501951275628
528.9405076888461
554.4038223914466
501.62490787092275
529.7262627162249
579.3908006574991
512.7778556923363
556.9024858271232
571.2765716682609
539.2666042816994
562.9344102135211
564.2174735501202
577.1858715476303
531.0320691
536.9010010203368
558.4873696683634
522.4720551031915
540.6168955893405
523.5310173620699
488.0727401079006
547.3288758
580.4891507450143
530.9354020487067
541.4604220435035
529.0878866559397
522.5772562468863
542.6683525925325
564.9822522089103
593.4510200220424
559.0246165573379
517.6465599429281
507.38165740732296
570.6951018055432
546.9005683634181
525.5188522514412
515.5398883903073
521.0788164374425
568.8960214590378
538.9820784656279
507.96132407899455
560.1342707663953
546.7450407014375
532.7868992237532
553.7890705059988
520.6316035167494
562.3389236
507.42868463384406
518.9378186852528
508.4769380966411
529.9202443
522.2067815409099
531.1505442993699
539.6113454787053
552.5170377541532
542.9118076723495
545.3770406428583
578.0447278695614
533.3519077557926
506.6985790407963
562.0361037484394
583.8305446058243
543.8644072962562
559.3386823658244
524.4991820753619
543.8266671320251
554.4876844415605
548.3577125595933
527.1208938
578.6991556
543.5259494858034
561.5242234
548.9997252661809
560.1606590463393
561.5980177572917
534.5079133004173
559.1978249609983
592.0388646515764
587.9413536030049
557.5253488469876
580.1103784133209
509.9863585434174
574.7738239276503
541.2410448643516
499.5872106301463
543.3481710448251
562.6387342084914
523.5882855133269
586.3790281183446
571.7367917941482
510.7076353097576
563.4329382669142
542.1053626662957
526.8492804
532.2028508945159
529.2724833364916
512.0018845678745
529.1967221
555.8168692388787
573.6264866613018
574.4263753741295
526.3581971288078
536.7867311
519.9224784129271
563.9399757262921
502.5784081147018
508.7746159195471
524.9453908588789
545.3679796909971
532.0994739689177
540.2685095097672
540.6048948549508
544.9413575692573
516.0215146892833
531.6828180094203
553.0724751734086
546.0429498523397
565.4776298094461
522.4590157258461
560.946376
574.6311518490982
536.2019157840717
545.7072110948352
544.7517565548231
552.0756038971193
548.5781867587128
574.7019195
551.5461752918757
559.9396969540279
547.2491102592473
515.8593490798559
549.6514253009033
534.1907126840581
524.9625353685767
519.1403579672404
537.8695523470046
525.5866500330658
588.9710278970188
577.8569874880407
533.3418198100152
556.2107234413163
567.0280547784188
535.5047111845741
584.1411130097027
561.3289119638288
537.1456199475521
499.3215988002116
517.5443393660984
546.9470901949238
529.4257428542088
539.0193148015867
521.5364462018322
545.2612392917615
528.9696256833762
504.64597858815705
531.6305987318606
526.3884193199947
504.66873258623775
573.5582723069124
537.7387626959261
531.9686180776462
557.1977065638774
537.5874156919849
557.6033453825903
506.21238239481505
515.9728442050977
552.3025964952756
575.2561485573166
540.1975808270429
544.5466480539758
520.7265641576374
538.8064581809348
523.2976386824287
535.7950446183941
556.5247711865468
495.05592980629046
544.4668166807102
521.1501130925734
524.7030431
566.5699637780122
546.4003172
561.6071085552838
500.0851555719108
530.0648264696155
529.0750929892881
525.9945159651877
549.8139700435538
560.6969483424887
514.4189023611059
517.6176429634374
511.2165705401714
566.7999148248471
527.6871822878212
537.1532059201854
531.8463386010801
517.5955122
548.2323732290902
548.4627136777407
561.7930470403113
534.2949464051367
532.6504408607077
526.0829391375532
575.1632240685248
563.3960227307771
538.5643408383798
554.7727280949722
526.0756527863828
589.3461472
525.9461786603374
530.7613130980578
530.9589971822847
580.4593118521673
542.9368037966393
565.2614863620277
536.9518589850142
512.0744782014326
557.7997288074398
525.1574596118686
509.75495886379855
529.9312654936189
554.3596655371437
582.0356477441128
508.2452673952692
490.8091956415261
561.5232280593827
546.5087116950133
526.5821086575478
549.2969422709043
556.6962639
585.7472322954665
536.4844837
570.0319596871531
529.1185880241708
527.8021846653041
549.4248152228598
514.2377457754127
510.11826281115236
562.3217140634226
495.8164709910307
542.1374387048335
532.0172167807817
530.9135812
509.4528441793275
494.2657354995119
524.3798107
513.1274536305739
529.7183324
541.5475033777698
522.5593442894138
515.1773837357983
546.2734586165402
522.1083259553874
517.6873517838429
532.6031122
546.1665594401356
590.7235750188213
578.2744535090342
510.96543975353563
509.6294093442134
541.0045959690124
552.5823113250083
536.4530176122613
592.3413975881465
567.5186885979465
578.9338718583352
529.8903500508852
519.0843365233587
515.2269570436193
536.8667659129628
511.0760249774228
524.9917859788794
529.5964308990845
561.864558
528.6381426328307
507.81726885993595
529.2160667242964
543.8946842693186
552.6754701846681
518.5313676418423
554.7345853138522
572.6621573762178
