188.4606136811998
183.55855616404745
170.77164008013295
167.87610899589478
144.6110549799741
190.82145193997636
172.46747086449673
181.90253552614055
188.69369578404573
164.80561496110712
199.2054471
181.1493653129654
209.5145902578962
182.2155553879718
185.10536205287545
173.9373226745471
209.06180285493306
143.49734821720418
169.25756290267555
173.3591069399451
152.40734815226088
164.6618899494287
142.465847
182.62686764353467
154.42629713712947
186.10499439106576
174.1494627558048
164.00527408538895
152.03353173721104
166.6094075148762
184.94974693212657
176.66320961226188
191.99441487682245
164.77222623692538
211.92895119749343
174.5862166
163.79022771500988
205.43989599696528
206.46623305827563
177.3195543102927
170.12321447417858
196.97904285643588
162.9497487232588
197.49980268617148
154.7195327985549
177.4459014632608
179.2295973
203.2476476758591
147.6947517334791
183.4744644066327
176.75119499451762
179.06299059646412
163.12166742775682
156.11284174682658
170.50213148743453
174.5181365280149
209.03476256948926
181.11644569565186
178.9278086031421
192.6434053
151.10828101359976
193.13449622639646
197.0888467957506
196.91836740891432
172.85069652651643
157.2103433794041
161.40197947264625
183.7256915279012
189.39895961906836
204.71536454996527
210.0535173105175
196.17673943571802
179.64783585701264
184.06332243281244
174.63469234630458
200.0000880517063
190.54734406842988
183.1165276354597
156.8743965260927
199.8276199533635
152.4639820501385
203.75426010397035
198.52884708432973
151.502498
178.09862127671443
157.10883809286346
176.30753181230622
189.76574713307264
176.45551087418787
155.0991484152038
183.98415264180232
183.95824705854847
178.49651165961325
160.38365743822825
172.54593894358263
184.13312946105253
176.11432790457346
223.5213576453558
183.8923519365888
175.1595991268516
188.3236002923306
159.37037126878752
187.1033172
212.16970153974313
163.12739854151206
184.72069590772014
194.04100088037552
149.81933920204239
212.6630501
160.38603099632834
172.81327096936846
186.3166242315627
174.6844382300797
194.77308041685868
181.87087206497304
190.05683586097615
180.42460762348753
208.9648580289885
144.83083525305588
185.99222374269416
173.44001614909158
161.84193505424554
164.36950102829655
168.56247059744797
190.22991277798974
162.91560621687793
175.9638135049636
184.26327896842898
158.52894479918868
201.21218983847047
230.9000756627275
166.76413453052174
197.17320718968415
173.2748362754771
189.3313321376036
175.62155241719952
225.78934662264382
173.0081591
194.58877178573877
190.80980949174457
159.7304957106345
142.64346973373648
190.2434445566238
195.62629711594766
169.18866018703375
167.47812189316917
198.36558830745318
195.7973603
197.92970974306596
183.9952688519004
164.77315821386455
157.49611042208286
145.1716746
177.9261417463884
219.02185080034894
188.23051376900622
177.5140537516377
152.56242038326323
166.87087767678833
179.1012141121012
174.87520780328822
196.94312213954416
176.04849105979798
192.58184807698368
176.87185985461798
175.4727832436599
204.3409218032249
165.4030822762779
173.76050178149472
156.2631902472902
180.83789092854113
200.30795434084285
192.30058135646013
193.36699925419182
199.96170095125876
191.16821435009828
193.8604945665091
186.76864931487373
161.56391834807243
189.1866517721208
197.72196108626548
162.98790479862652
183.5044237920799
200.5884496638265
172.1167042280757
155.79788938798663
180.16989614885694
211.65493676108383
162.62789732946572
177.03607372960138
165.41953954616287
172.3794129436419
183.48091699573433
209.0705850759732
166.01856210458692
166.1580418307092
163.32074791301736
159.56552435521928
152.3388054169994
163.6858074094537
177.0281982912738
179.7788759
202.48740400783538
164.19697396631483
164.91764701308094
165.31860701317214
182.72976942216778
176.05097740495205
194.24703458494713
164.75818785783827
197.04498648321132
197.65186366834706
174.13690498992688
167.66901974596007
182.4499888124739
164.7167492170197
220.70984287023694
181.6790652315212
194.5583038389259
156.68476064774376
148.91794432989667
192.41916046904242
188.98374699489776
165.2531480966682
168.65471123569247
166.66027577379887
183.3470286016582
197.26452736216552
152.17619188704055
188.24734438620837
163.29216090780744
169.2913711181071
176.0146574159611
155.1385104
241.38221681556342
230.98232731016415
193.7384758658327
191.78809075261896
160.40943361781805
229.82877377750782
179.35326541026586
176.70131455494501
203.15994432236033
183.9836263678816
164.9754637467326
174.93584485096304
172.06950125341302
180.22902855664657
189.75153613721392
189.3192210085879
205.24654905780088
178.93106609748767
197.9753190960822
214.1835066602589
157.36290611501045
192.93166686819305
159.92585642252828
152.7818150036962
211.45426958046937
201.7021218807438
189.13252411281243
170.25507645992727
209.65924790498389
155.04536027505947
180.28089373447554
188.37467363468693
204.94310427706648
152.47133315186582
129.71437342880347
181.1924004451487
185.08206185528084
182.3064187008496
163.23931608199112
178.17920775457975
152.25269253343942
187.1001347519985
196.61730382406975
165.75023684512135
145.00687849698738
176.5827337295285
175.3117708070112
177.49788095515063
205.29776534808238
181.63530176092368
222.8527361395158
186.31802018995143
159.6755406
201.66246616019265
177.31629148391136
170.04331854501282
184.3437276939926
181.1812299114347
151.95665491119536
163.71580811105974
202.05274779372905
182.3494965519666
191.4450814840214
199.2715651751637
216.12743142340966
167.37741932334922
166.24993850402348
162.4303261040521
168.05875527904814
162.63402865802323
178.7262102
176.98317982766895
190.2864663
157.94909808115116
167.1184888864586
185.90166169856906
192.64951457610852
140.31828249934242
168.03013731341636
174.29893000586745
144.44076279579357
187.65374956947207
203.1628048926509
145.93726216600263
151.85550382474358
197.8528564158767
201.69905303059446
156.59142856482129
161.35630918024953
191.8567215421282
174.4931900387531
169.46257185618856
211.66498944886874
184.70058084205763
147.84652517405425
183.83890077989494
154.4258082655129
193.53058955185008
198.4738472411865
187.45386861272638
197.3468196324319
220.06290903876894
193.21802674263407
172.14414410374619
159.5736853614851
183.28197065571496
160.55403977958812
153.88316073894623
170.52520977192995
148.4871364
156.13616330703312
188.69134616658422
170.28507654367064
173.33030963214253
178.52125667227963
145.76719651790148
182.54695688257337
178.93620328282321
178.1596235620712
185.57726536327849
142.5736404555413
218.8529431432482
173.39014162089282
153.95648029402437
181.1192679098506
156.61789805198208
180.2619397590188
189.4753746314689
155.8340830336968
195.64496979915646
181.49209680723703
185.6989811281458
186.7754036659398
188.9151719134772
201.3817478
195.954278
188.40898898038594
165.18828199078132
184.47806051016119
168.81331021528766
153.72137339627048
178.23135795290474
162.63021070507784
201.69485837327952
178.30008652391135
179.86199323902702
194.20614643972505
171.3108081700963
174.2444403371765
202.32191553455658
154.77649791954133
163.41601029813788
176.51013087638128
194.40187960789598
183.77086235754226
158.50019841718287
162.5112040944339
213.90896381647187
185.05953621709594
167.74123163567975
170.12365432782653
265.2307412795333
206.0912238300896
150.71772684533303
170.58033055058667
193.1396983921814
173.89885845097018
201.7778149585051
215.48400298565323
179.15057761122142
184.6411885407826
175.8625029774255
196.41508146168215
209.57912806697152
197.48327427805995
159.74699383317537
193.78110971518515
168.44248572041016
215.12442838926182
188.19864562917155
200.06864282736785
178.6124202
178.4007866550091
187.30054188671173
178.42960510638875
211.32654040460258
158.75566345261018
192.3817495127566
168.30255972531876
195.9664683597247
148.19401421541698
204.92154740867707
173.28049559985683
157.23640393125584
193.01511428453662
175.43571789728256
184.29989007067857
203.67131351066658
159.6091388747297
165.67454524294294
180.52769225362653
190.01217148247844
166.24609529638911
164.6888480365434
194.12714113982088
198.50816987180193
207.32980454998363
173.53995104530347
136.4546133284545
189.13286887139253
193.89458368600916
153.4296448268253
180.71704878546421
184.2644296984931
185.5286716284895
170.47422055622832
180.58512624359295
190.6700261326761
148.52061584583436
196.99991145658907
172.25498360354794
193.98775145615014
166.26347904805115
149.52958849541318
202.6724463547329
212.71329290366157
147.20943323968544
156.27075927209165
180.78911576561333
160.3125045201952
193.90109874153353
164.62102428425416
169.52913484246872
183.03137685550556
142.37448850061187
173.0883652648701
221.2311756
190.39944385767015
161.16155969040597
199.81404530086053
222.36279828839096
204.6748843090597
168.33881312287164
167.0522452968628
172.1709833614627
160.31767734273345
179.55885626078168
161.05012962098962
163.2737668156716
185.14805919098032
168.71062951977717
175.20336217138833
224.35835333517028
186.07289453983995
202.86821270702282
187.44118178446166
190.72183444945304
155.33888142908316
169.0061710402443
174.14081915500338
170.79830249853592
175.23055357035685
182.04256191112046
174.8679848
192.466226
174.4056494763438
200.6124655136564
178.76200974730233
168.1607949
156.94383267180348
165.10071973409853
174.2862823163895
203.11864151822823
156.60627771039523
199.6909492251947
177.2898290858533
164.0271432415843
155.83089855794762
189.6426122509419
146.50391700348783
170.53124236011192
170.9108163742054
175.9648968803087
190.28539966000997
167.80825436231098
181.2871272
157.4982184568393
180.09714896754494
190.82965196826007
172.51129549601666
186.08162233693056
180.9879934247074
172.6455893592596
177.8675032377495
175.37590329929054
145.46020726403242
152.90894747887342
187.34139240359855
143.72599129648697
202.1881992649054
154.3493135035006
179.58357458501507
188.11660518674182
167.41897326533007
202.27762790743625
154.98530002610144
196.91055362780108
181.82558983533247
176.1858759650442
199.09450084024058
189.44851984673554
157.71970387788332
207.6468756903985
198.9334264993303
180.97230517676408
181.84720773365103
206.00382420847075
213.09456134147445
190.91599045939222
158.41517224082955
181.28536861252206
195.12316022078792
163.97450673708815
157.69666915602667
179.11702209157752
181.1351464487067
186.26096364803828
203.72250263999024
142.31164002336254
180.89724964690066
175.17955219665305
179.3048563267256
182.18674188046654
199.38883838616178
189.8408209347265
178.15038249363116
180.69306299480365
181.00178847614853
176.52364069346174
205.69606024379055
146.41146103862388
154.48688017337324
211.74286894947804
190.13480875936784
191.27723176875588
202.1840561
144.78734514637517
208.24416414514556
158.35119505553124
161.43913203361566
199.60889144629095
158.53020623974373
189.2826528
207.98588778681793
167.19283178251848
168.2597450715244
192.11119920426682
196.69447801217302
185.55539694876313
151.59331454581636
212.02277178330388
191.11349764451293
139.72588424952437
162.85298970864704
160.1327307064843
164.95649264523408
183.89182902356964
166.04320355011524
203.60791502582447
201.1358336
180.41090069191026
160.24735786319638
178.99672235482672
186.8282570608155
202.2748390675135
170.48139525185766
180.51469045044396
161.2017105144281
170.54075408203903
202.39991936757832
211.71096483448193
172.63315881809922
174.10631568360904
165.25215084857112
152.4205299159806
186.16173597326892
188.1275685003389
190.75126894002938
179.5006590437252
189.24863376098514
182.1474603273055
204.0259579588889
186.19726939505452
208.51139025123777
200.36820190213442
185.89297521331434
157.09387205970498
189.0112746599335
185.14695390037645
219.00920608752142
193.53638743985147
158.93808732734527
164.6937228
198.09748303932219
175.41109251519964
157.7460243221348
188.48527485423386
188.54250129654002
176.7914938396005
195.9777983863559
177.0575905642828
217.77403028960734
159.50315087566946
196.9344769786022
198.6615486697479
204.5070945351023
176.66679292240767
171.40320602922807
214.9506708930772
189.5942559242921
168.32953312069296
195.3762639852674
211.50807816282926
191.9971850291005
165.85571363185974
198.42026372764215
152.29341718418766
194.2390813665505
198.3973750340014
174.87981409352452
184.2996511787221
181.85853931145508
169.20484079956663
163.5767877509642
173.84036765873404
167.67827843573713
209.8859208195328
155.23936787482378
216.27739970521174
174.63288254252333
165.07200148521653
169.05460711272463
160.45407923594155
144.57727786946643
195.0405030025735
176.14029398311303
163.90640219794943
156.0482293383362
168.7246938541904
156.94204026692185
205.18980843744453
146.65730521222414
161.85588255037052
163.1402527306404
188.17675842298294
183.84780783723593
176.30431088364261
175.79665395095574
186.65771209997777
164.6491461486826
188.3447197437491
155.77077363519564
189.4694649424923
169.7132024868678
201.55152486616598
157.40711235928995
170.6748869233201
164.20897212030343
197.60420247467638
154.32786031159873
196.4429303739117
187.94032532334242
189.9813706190571
166.5164102132603
188.17998518437864
215.17779920420153
166.46129549188586
183.83649760794236
174.12567432908864
159.45559769804524
164.14128321271082
189.16191094025953
178.15632586736513
138.32215340846003
189.30985340860119
173.1308235121017
197.13797379663453
167.29760077821356
228.13372672239623
162.01697573053855
194.02291129321162
159.87328482378157
182.71458971085644
158.6670116581337
204.24890575062489
178.6115859478923
209.46556958735647
177.1869552966263
150.9097899546691
163.82601094746767
171.77884002103357
206.98631212506152
238.4949371543802
176.8729976
185.0935352243857
204.1472365075087
158.77048283615966
173.1669730534814
192.06201456638283
185.77804695525765
177.42856901838036
161.52974874896785
180.9795779012772
192.93788776702954
165.98755476140465
180.4151945419805
222.98438321994232
188.21947530282236
190.5243513639428
160.5346255434702
168.93683294920433
173.1330648899169
163.90248911938355
157.64307643768495
151.8419986874559
175.13900592986516
195.38585380348218
190.99873329614238
192.19710396082246
197.02071244060636
163.55576265631834
166.60200159972575
174.62967569936148
162.99907617380603
183.76851606710076
166.95464435026244
201.24612089349216
163.22894043081473
189.91285576573105
213.55623759938973
157.54161144217574
168.92888637237743
165.1219836588604
160.1286983140376
183.98146832980746
188.67474763825572
165.7367246583113
169.62000682094478
183.6283200630873
185.01465282602936
159.2708814379659
228.00683604185804
174.66904809620314
180.67411115990825
167.5715539934876
174.20596985315095
162.77595366286945
212.4251002077518
147.41605641108768
175.5616719541627
191.89092197353804
151.3410114878693
187.8968423913959
205.5770119
184.6728312112869
179.00839827330284
178.36566752832493
173.7888802493379
190.26525225788313
163.47491776996483
185.2647594122763
172.75021678787857
168.39169527152615
158.51921413973182
192.16168475525978
168.23206291727482
200.4768732873448
178.4813027
178.9500796495257
159.4970663
161.14451442466012
189.60280853522798
177.20741018970628
180.11703452750322
191.6873015261408
189.10214583457378
172.4362289990666
242.66565785531793
248.88289118696045
187.48837710481024
153.87589653148996
162.9587729816066
190.2964882393332
168.48050641650357
177.4774462251836
145.11661112124787
187.40696752362408
203.25497906844703
157.55572251735987
172.65991112270657
172.37844690044767
137.85800383729895
170.27800967658862
168.61236440430235
154.61586203941178
163.28576193244157
183.7140925991027
185.54883990202993
185.22689454189887
168.49210162442265
164.13995592658898
181.7650384014194
171.76126806956347
199.61254736679305
202.31420581173717
170.3323777062712
150.76505867192995
182.49200817430568
166.85394371414714
195.1698727283732
192.67891191535358
160.29145741829115
199.86058399617858
207.22095141307238
186.4253876022131
190.86557539645577
169.46949054319555
163.54996456947708
204.2497241544505
183.60319673242657
177.29148761517163
177.71598013887223
193.74848790280632
174.99599004709896
169.87078987411098
173.36476329652078
175.97650984728122
170.08442635966517
180.6771994256794
169.9927806720687
170.64932781641647
220.5784380009614
179.14492977939733
214.21332568849184
161.06578511978063
193.79035104497785
179.22135488842827
213.8314020954031
170.46540635275954
216.12084116581565
168.26742240846622
179.15184036016382
158.52404087636145
178.35928622894704
175.15846180050477
159.30415363519393
147.43451279472828
196.6962416039028
188.57200140581563
166.3733036
177.0099556939332
165.86924697627376
176.4288666481592
183.77569598615227
185.77770330193655
169.82528021322318
175.10357817515177
188.98831943343342
167.02186339496706
168.85371835808172
180.55507925974894
188.56456163759955
171.20592942879276
194.64196955976763
177.69470174139315
166.7864827978741
180.79371958671834
153.59315710739608
147.59108761250243
185.50273845953367
148.51827562957598
164.53654409626395
198.82208677276506
185.35983984873243
163.7080968544238
178.72640375642925
153.96162659427745
158.8058356172004
175.8781096648442
190.41074847441485
178.3746914883818
177.42909619989763
167.17963730029666
180.41597490477275
194.63147399469037
201.03035959356518
185.57584327675877
181.31830185728938
185.81787841736485
189.17203757523268
170.1683884425575
172.19568820409285
166.94956998065706
167.55868837937436
218.19138928478912
194.4049148934982
166.57627735496828
179.8063064996493
184.88881503854512
177.32348513941758
161.76162560034444
208.40606693235077
157.98607184522083
196.11678263036904
180.0279651
164.33733567236283
175.99488125160445
147.36474808273454
184.25792726110586
193.25427749731958
169.3068719759781
184.70172420925763
137.65529006008265
169.28312168383093
155.5312512
197.29439945638006
182.70225125990117
178.12158938444003
175.48271578079658
174.49567262473226
194.40746435782637
160.4407558560357
197.43880819973415
192.6685700067698
199.4937632180283
172.57940616381612
200.56046797602275
198.8663018485331
187.67145107988557
201.43484524929096
170.89393448765006
177.63710938746817
206.25003116310322
221.29493965102748
150.55683390347662
197.53825329676036
156.83292247728534
183.0093779432744
168.28065345843268
182.9208589829471
173.48334880858738
186.57927673942075
191.66171668425548
172.57543060840266
192.04123493517932
173.67791146024467
192.36967705114876
202.5939684
182.14177727253684
183.44892919933412
148.10671095339185
165.0572187904088
167.66692017585473
176.1956217821029
154.51080752871775
156.12644240470357
177.56319757165906
182.96193962590914
198.5615394770309
208.10457356173373
189.2296801118378
172.22066819359074
192.50928477167616
164.59882650210332
183.07722669713337
216.06752668881475
208.99939842753767
173.40774403456365
198.2313572949476
171.8556350808112
167.80005059383043
151.14827125223724
189.40145462384015
184.85872369616936
198.52601963097337
194.83421531798066
173.45997725535216
196.0088127669642
218.1386710588434
227.99842975518303
194.15000799237148
184.51965688918816
186.47321368580478
180.58429999874616
168.49889083959874
211.29050076352863
193.94706115690337
181.78622382379572
209.30823472379558
195.52788330166027
156.8632218381666
203.85830624117133
171.46741612269992
155.8556220823812
184.54649398115941
173.26541207002043
165.53361580162988
211.42949275841676
180.13558555846123
178.02824920724905
174.34025546145492
171.76415378367855
182.5960001753747
173.06614807725379
251.60005512871598
160.22802001763918
181.22807577606773
170.37427792718245
166.2648726260022
166.8707294557772
179.52939990535432
197.41684260736653
202.9574392130112
192.60888624350068
171.2107523094551
219.08101476613285
215.78964994783482
215.45928515202553
170.3531482120275
191.0921981673157
192.88469694895542
190.3603794194549
190.0369284956525
189.6431621067689
173.40690446633286
203.23093171146957
206.90293476384446
191.39071270153175
180.05181869842326
186.80974603556837
204.11172519282673
176.62543347156404
192.6654667034866
165.69416791067982
186.28810873010246
156.56038392029606
158.84384251922663
222.9548719320197
181.50267817765373
201.0296578992829
135.1043148821266
174.5908956338278
175.7309114355296
168.80613084462252
181.65554335695055
163.42648863954219
204.27064319957083
191.84692196133724
158.71963058596498
188.36432092650824
185.02550847038344
212.03787105342016
200.0211159603119
159.15461695216848
164.9655494805212
198.7335834799928
155.79122721107174
190.66015617990627
166.68823382399347
188.84589711154038
189.4288253746477
186.19643843938226
165.49282625149402
179.64045356565296
203.5068213692299
175.56812258813153
187.61378941317497
212.8835568901551
218.80001818433362
210.78909704400476
181.71517068290314
180.95320044101004
175.71582253588903
169.62740726298512
175.9496335946482
154.3331732490846
190.22220237520946
173.73160313313792
201.6126860186904
199.89783385338174
207.2370366683112
164.97189515168697
174.7933164072594
165.78193405873654
151.94865292807057
166.83101307759298
164.69585425079265
201.59870551299733
134.2224208293718
188.87309325302755
174.29894958770984
170.60027661731098
173.34120352215396
187.9905187113266
177.1741077438854
229.8502944574798
182.75089672632242
170.36406927493155
169.31373447105923
174.98634355697527
211.5853355465448
189.52540334841373
206.8892514584362
156.73247162494002
170.07243187779824
180.32326544003595
175.27477319414194
192.73711919363302
199.92929850694037
172.24979406630172
132.36022424210907
162.4591913327173
157.7855226973365
190.31211706637612
221.9024389153918
185.5817230480407
216.74535948226315
185.48307954187086
201.43706880117196
185.21218519597278
193.8017101864212
162.3879379987553
173.26727207834796
209.75955701593378
197.3860176405498
155.24069028433902
200.42621223155433
203.75184321853658
173.89664329027065
185.4056248819985
168.5256124
184.90646417881607
181.98926805228527
171.90286579970342
178.2472738284937
169.08497188753006
192.4536214425122
167.28718749117078
185.79580422963258
184.37103206725212
164.77537600674245
171.65893047771942
184.98649074580229
206.83243715189766
167.3526841794929
176.6927827116938
175.53762563115052
148.87647755578743
176.24698244525635
193.73136891304574
194.33097536835842
170.19954535164104
189.37795488548173
174.38632156001762
185.8639637592475
197.51606668298405
166.94418184488924
188.26697113076912
150.66442793893881
198.33505017658103
152.16114573952888
177.8130360442031
175.47506140202637
195.97932600113467
216.04957300820186
175.5051010741743
179.1699419964245
160.15608427417544
189.96542491727882
198.80759638670122
202.57515631199027
161.2128107775392
163.30380968552475
196.86612116944426
197.58247152409504
144.30661872012516
164.2839709359989
142.1252578474314
175.44665872561544
181.6943773213366
185.6999623847326
187.7202149420554
191.81323508203556
177.1228621
152.70464598273216
183.07628518791327
193.7160185625006
154.30895592547495
161.69312282995276
203.10048060599848
212.4678263382659
170.46769560185064
156.07325391261296
168.0957358325161
164.07007794488405
170.60807750585607
195.17939169414512
146.25995929330878
144.40440405456187
219.57014546071457
164.49349910868887
202.72612082696222
147.44606889703996
195.9161641654255
154.28493015318466
161.36088600393242
154.5654337015629
189.55752342373088
160.45018792042143
161.17319618160948
192.14401368424117
211.08191183171914
187.2718685159438
183.98829261191906
194.3009604
213.30984505546473
174.3960891960972
161.5221712996985
217.2773637810365
207.71434546204938
157.55976619106912
194.98458701881648
186.84311028902715
177.67701836673277
158.58589322005687
154.33534785031702
168.99566007575152
177.6578052903935
212.71134788021072
154.52864054165656
199.2311522030305
183.05973520202744
195.03919812059007
221.41559581967326
170.85315666884256
181.6221701
150.00291703033233
166.8374601123983
210.94493696948297
221.4642485230885
182.1818748766834
178.02870055796168
187.8931493281871
184.68558423866165
226.83349774955758
160.97023251720407
149.95160180047446
165.52467744436612
154.87290232809568
181.1578282515071
180.07162422470645
153.00362647910168
178.38946054550004
173.5647326579487
183.5793122
167.34503193282197
171.6283390113726
173.67238887915286
205.8452772302955
158.8748295390016
168.37628341559702
180.23254398181814
177.64696525016518
202.1445776129693
173.39045866867124
185.6482020970744
179.62573329790092
163.64075231001198
173.31648065095695
178.4681946511206
164.5869035884306
235.17865040576348
183.26262307183313
199.80464110381064
213.26482182839715
220.99241851374333
148.10075840065014
167.3436789072653
154.49048979648583
170.00983975544705
172.42302819754448
153.3496123729338
201.16966428288532
204.67681859499152
166.1831468378389
192.28251355441424
195.8224185520347
191.8998240020622
155.19319349055925
231.47819371844398
222.92515482871997
170.0350154124637
170.50128779472593
155.63972276940555
190.95969085248979
178.94819230682305
188.3118860023337
171.2572015626713
156.76318633341756
161.8098228160476
167.7617987619693
181.83841203389014
174.77705740049643
194.28209768024934
192.23512491381945
197.47552233349225
184.67757654883414
217.57165788434125
224.2595026
169.99649075555615
160.17355545478406
194.03764292843863
190.40861670814954
194.7646864568341
169.88265151770813
160.73536486441498
176.08473463283647
214.8576339528095
175.24383233294836
192.59756552780013
168.72336337550004
163.19643443168684
164.5611620420041
141.28086332381906
167.08938063580453
196.42836012803986
179.82527773623315
163.77624567163807
178.0027124278437
183.9645481
195.37586411941342
165.76241049350307
178.86554746107564
185.3830903
199.9708147822669
156.95559088763028
173.3452523770009
148.16718578712522
163.88573830045576
185.4658703632173
214.24083321762785
174.58196625740263
171.6087278169571
161.15558348026101
155.05152146370096
163.50603579221547
191.07779343356833
143.61242749426907
175.17254245698263
166.60397487477542
160.37741786353087
183.5409561966276
164.7040659581036
159.66934522978167
168.35712347841627
152.18215995424717
150.5887425887531
164.62797195335054
158.70604394601284
196.58698188228922
177.4735182995301
158.39127579884638
177.02418617999228
192.69984378981272
190.18975087758164
214.36354703404393
164.52435731516204
204.85276149744453
172.19584405309854
180.45053994388894
163.56219748374863
160.50118688926597
216.67712869750002
218.38087159553086
184.6632025002491
195.41743649565586
183.09578448057619
211.39465832424685
148.44859108588548
212.46783084138613
150.0278036110765
211.77433968034742
224.1636374216002
156.91531922882487
166.1550288844303
178.77681243000467
195.42338476731763
142.50994657538567
176.07757164560246
191.99375583966477
194.41944895591007
191.67078349515492
170.69243971840086
171.43992064457234
168.70507486526537
233.5250395199159
160.62686699823425
183.63147474475704
173.14134069766607
175.9536056
185.1530046627614
168.39076133392635
179.71702839444404
170.755442
193.35241847438908
171.62572315386907
180.09538269932474
179.10639468887248
218.23579299151837
217.52533078960127
157.80397591414618
164.59590989674103
153.52166247559148
171.83654919773966
176.62039437227742
165.76023337260486
184.9740714475689
168.94982225917983
177.30472871196343
146.55807488622085
190.66276559035288
160.9748232824865
170.03771460260754
190.23579460585628
153.4055267640706
198.65413716062997
183.4319765123263
183.2222135032694
153.85857784145549
154.9706738372045
179.6581410028803
172.805523
167.78353352847847
176.0390299294789
162.32519802617102
175.58926188074858
188.70845616129415
162.37693027349596
163.21988914039574
176.0500024247968
169.8167245832943
176.78386119500203
179.4560805844365
148.6604319299792
210.49549035810165
174.47556790835088
179.70040844826417
157.1008173100343
173.4393177007462
172.59713652531198
159.7071029632892
173.88679560297373
151.33948025030455
226.14943019016528
182.17855598770623
187.3703600476423
183.4012632081275
163.62871441420333
179.4132745278983
134.62864613256536
160.0188695103514
189.24179483461668
173.25873228497983
141.7000567246803
152.9465017040752
194.73739277864138
148.0767467848823
179.43404853923911
147.06513100160493
195.90937310446148
188.4135376982854
196.5367509503915
172.06039891227292
185.60603111645466
182.43917382492643
155.57373695773978
180.1726454622095
166.12031393895742
156.94680520418873
158.30999517842417
200.83991855696058
194.92118428919196
171.87128660880308
143.9603436592458
190.03578251332777
201.94284583041622
191.07124371109512
174.10770264132626
153.98899057602645
177.13438326221385
162.64467928218846
164.48906981575718
177.28504134398122
167.17593005120477
180.10664669031033
197.06185093420456
152.61863242621214
183.82571104333752
186.6536746800764
173.38660285870114
144.22093695514488
163.00489282014476
227.16231690483713
192.8634272628489
157.5931302216562
171.65998746899393
170.72391385396492
180.56481476979945
184.51375804088056
194.43035367962318
181.14518698246602
163.00440671473572
196.42712650143582
164.78201573589934
189.3618963038161
216.33208135858212
181.33467379044941
149.98759199828947
190.7944759065683
186.33719686218916
159.9202585067352
190.93200243050498
179.8423836142619
159.61315599527015
182.05107851122582
175.6160253084611
147.35102493483572
183.00138165524203
151.18961047874564
187.82355543956749
153.72574565391594
187.8126368314385
180.89262128677927
152.69729261986382
187.56084176050774
199.45000766666845
151.50960264339977
161.7469016648165
158.39840294598952
171.6115225809897
206.43266704917187
177.20795901775497
205.1181981286451
173.5129508697454
202.39885389832259
166.0287103029471
169.81804782822388
148.8763749659616
192.67950727745497
173.99842663023367
168.43476294572855
158.78417430974295
188.68856715405676
183.30733584837583
159.64443342865025
204.79087512271877
177.15840476287696
173.9963564961459
215.04996320403973
175.64273251477215
175.24032983729265
171.77184272828336
224.31647032873457
224.0808746
198.31193078735024
175.4723626734691
166.9600495809075
186.96984558428662
179.60999631286526
151.39757623864452
201.87882699424355
169.67253970365311
191.64257791603163
176.78987226861008
177.64321494110973
155.43273155737694
163.1913005997062
167.12133624355312
178.5945202747979
185.48859556763898
173.6563801486779
165.22739992927976
199.96430281434388
178.83550495997713
188.18829072234018
186.18488537930975
163.20471439023257
167.38179622961286
195.85403845631458
219.86577196576744
188.13945910155377
166.74545993224802
203.68408612988733
150.62988117922555
163.8739833854594
204.59700939573503
171.1635013487727
209.88551615558325
149.45212206136168
167.06125007015163
185.40544632351984
182.67816513623112
184.31812035824714
178.39792437811323
167.5968163
198.72862709572556
166.94233241430643
156.86738365847472
176.9382973702025
136.6073651739479
195.3484058358531
188.4925247722681
177.63327154781126
166.49794850315928
148.01981377211985
149.33058922999066
192.2656909585289
180.86960298842683
186.27143231691264
176.3376321205648
184.81717728807007
151.37789165422078
191.5392010934003
185.92935038484418
196.5911691079904
181.13654613182393
160.8942014738127
188.15948212107298
158.12895373001834
198.64005914915893
185.08585075354182
167.00132772167242
186.14901778689023
211.63230592003254
161.4016333286986
213.95245189831536
180.8586213596514
201.06390432628612
184.5913940561042
188.29703246184974
216.25354637705536
182.57106303940122
176.22939328614254
182.58921273108203
200.86009754996326
175.02582479716048
162.4599009088527
174.8181972297446
190.1488859
178.75170910403796
186.97509975167208
165.39025934779102
206.52723539124435
186.42834720102522
186.47030078123933
179.58351187268397
190.9372649128862
177.46717396699069
176.31493953016346
194.55701369875115
173.4098142
177.95121831303229
154.73776181510456
174.5945309927085
157.0635018643537
162.18985855919007
166.8408755304478
218.69670180878052
201.1710674338119
185.21094547201304
184.84100254061823
202.78451875550923
143.91773830887954
157.14263509805798
177.9042418013315
165.02381334371685
156.17376218051456
171.24620050301297
191.12326531892293
197.84435205176325
177.69883858192253
184.5497890960122
190.9540286934898
136.38756982670944
191.47483644976754
143.90219697318463
185.14254787565497
189.5021841073013
190.62095030892638
168.33779474135022
190.52173465819766
190.37158580123227
198.09256399477454
151.88570414194783
164.0322623971892
185.39099857496683
174.97462655335002
192.4419083939714
188.10118274006606
182.95174544504152
187.58970464072866
182.38258914983263
163.25640809188002
189.26571070905004
167.38614332791497
210.69588885994517
200.23725144555488
166.49786303872085
181.9885019702836
154.06803775094252
180.77466400637263
210.79217814678802
182.55836289656145
197.65816500121346
203.59712024403782
181.6054383743384
201.31579889089852
175.0799408449226
183.2782817
152.59373697818089
165.67895741904283
172.40163822438635
189.62592298344987
159.2054212804192
181.97121485525696
151.30244020617764
171.65881945113887
166.3102791512985
211.5917326
165.16499345600602
176.04661916544583
196.5888754740933
165.94347753360634
187.22859692261332
176.76794413999494
162.46931159835665
165.0341436954749
193.70289296432654
168.0039178020246
193.76500583623684
179.5115456390955
163.6205840938157
177.60348962883123
223.56634982794805
180.20420312544084
164.78580132819872
185.28358896561173
171.8497181053672
154.5903160004168
186.1087957605154
161.18992077675023
203.8603601366196
201.2957642572036
192.1760711858327
179.4312350498049
163.34590044479015
184.4994407550516
165.22570278222867
200.33374100536332
154.89086875384854
208.51982147302755
176.98732674628712
166.4461364051569
158.68260379620958
190.02046472045984
187.16461557161387
193.47076536490243
176.98764738359162
168.34463204067512
180.96007297317846
157.51512491586183
175.85805049426034
163.89493448183654
204.7865374319922
187.96215482746658
171.55147824091293
169.51358499628418
199.97727562979645
167.44699000886283
176.40593703967124
189.94540109639536
165.12631275694997
204.43170602120495
183.93852736945638
211.3510595150437
179.13595691128103
239.95090833381727
186.81594125562293
182.56661359214928
155.65182426164375
183.9786639
154.74623065160563
173.66248541563627
172.91673978291266
196.63987652079746
173.28588558627274
173.81452791075898
164.79811134922542
172.23504812329315
168.79665198809298
216.6132876
163.58341808398905
158.6184832
167.65067648867915
200.70018028029722
145.98844148349866
207.22289398282513
162.33125654501583
161.2484632686523
155.65708874193817
187.6236684016738
166.37698806027615
182.01227753108543
179.24748264880685
138.86165635432238
177.30218925667407
186.3006258258113
156.3484506
155.43878987381865
177.26007134827424
210.89229163494093
208.05718054644947
214.2706087647331
163.32382569397816
189.7427127796398
169.14432005206905
192.5075678432832
177.2791492711709
147.30959395732853
190.03650402950075
143.88451847682973
229.1115709185889
237.91058655939594
167.16176230990942
178.0753130198732
180.5159721862786
186.06708931939795
190.49652746019922
150.44553559173107
160.63156156793636
195.55110162078637
187.67989801644543
167.0128583
155.7517774663661
185.9873886102832
171.29350019499532
198.52305016232071
200.22563424351972
192.71040782057318
185.13409369289064
184.52746444057198
196.41092523128293
165.7862492665887
151.4364597311793
190.56572677681558
184.22618873187653
184.7066626957116
176.52974959735852
141.28834689587254
242.6454140775414
238.81336697960674
169.66039090675014
195.3967891072301
180.68935151344428
183.84034449357623
185.5859677967205
200.3922348308126
166.8512430474435
192.9881180184643
192.83213706638026
136.9362400291583
208.88445279967056
191.81640275404916
168.38117385810187
179.91148923797863
188.9158406340172
173.7373731164394
189.17303241974204
144.29322645403767
183.04048926068762
201.17325930121663
193.71983171723272
183.1551733924523
164.90761140544336
180.33709139047542
158.0213122755819
181.29217082118646
175.7561956358625
188.65734177097272
207.1461448
195.75020412194476
164.02557759213136
161.69798128999037
163.43708426013683
163.35599575973893
160.49504790162723
220.6938469528022
205.2126204348746
168.20682532156496
179.94514175812802
232.27346525808863
148.4812581955682
186.61222289431188
220.9667540647689
181.8306871
168.92855744653266
204.57162627922133
227.02897646050732
175.59920524718814
202.93502033053173
161.83684735555423
184.04487674072092
191.44603963018835
170.70811463098613
169.31275164417644
191.32299633805303
196.2540403556654
160.31235604708277
167.9368815186592
187.05184514982972
152.22547711785697
160.7202615
185.24843694353564
194.81828464356997
184.23403456498158
177.58497915930192
213.63971161995997
182.8535363273907
169.34423305367645
143.98431219443327
189.1880472195008
170.7326667342513
172.56458766645886
177.03181874743782
163.50571171704235
188.1363758225388
176.41390614837852
236.56430761254393
167.07593813215072
184.34684
167.9304682719999
193.28168385809929
163.06882869519552
180.4692555
180.39507826301295
187.01032975874523
146.92082051803249
190.17089806918796
180.93910716993798
202.7398862614815
164.65945987716267
176.6547443125383
161.8195858156624
163.81230463690235
191.2309927721751
189.40791189059502
