56.76634536764475
60.414913996390126
62.731182571220785
69.39597211690136
66.62030538848109
86.92300187925852
58.236298926182045
81.38020633420803
54.54512649732512
66.27568547991359
62.16312411505875
69.35894108353531
58.98691518328616
86.38667341763659
37.365992065528275
70.80734248399594
68.31739263024977
69.38260790579783
86.21936792270805
78.48114575379081
42.93246072305611
75.07406642775683
53.11842824382878
61.47273161318921
64.64627473818025
48.58338933168445
43.260593209589494
60.60013817412505
60.45320184580474
51.559081729091936
47.86217971829214
58.631488076047034
54.79554913564665
57.82125321517144
88.07176601698377
66.60692695168518
78.69145022
51.04150420038602
83.46225173755062
58.276960992132885
60.29810628660214
59.355206820083744
63.50281458210225
41.60001723237563
58.57193712440921
68.05945121429748
80.27529627584302
64.70669619
50.55003222833333
43.18404617003373
63.00648789
39.27913133486504
56.81522118048693
65.89397736953241
59.92235946127135
55.27740460914073
38.52381674
57.95837931343993
73.98159378408513
55.46135999781885
53.42934918074967
64.02507938571138
68.39680365086114
71.25585303946512
48.307529456362275
52.59554334285884
62.60347078580236
73.02000416
79.89168039203687
51.23034979183118
71.34012652247881
78.49493788979281
62.380553046900324
55.80602275773755
47.2285662
74.32622734
58.46317628253121
80.80364027229503
86.93229578024649
43.62393949209022
52.80482440902981
57.237121727145855
46.470310292259846
48.88868819
81.87960489606758
51.084836108810066
62.054366910098906
38.48134954464974
50.543432393204014
49.13765057302141
48.96930859912464
56.92337022998587
56.828028148035095
42.23702933891022
52.51370981167836
69.79353403323947
46.002509308139324
92.83550622512693
78.31806724440938
52.82188911
36.51960981887191
36.37788060930401
49.610564865286456
49.85591629472788
47.48164279372473
86.25756144191661
72.62848268198428
71.65006719313354
50.09581124389314
70.57558612130215
58.535485747836624
60.037730921664945
64.93234545005625
109.8352713654361
42.59892615959799
56.399140116620046
39.29831745824713
66.97051181960317
61.44530087705466
94.67766963815218
66.51390559137253
42.289805648961405
44.45864882714542
86.87444392
35.17937949826181
72.90061051074734
47.83224320941676
55.482976300257285
59.005988697481385
44.85367889049675
49.26214338538179
57.495894623853516
85.79272666767795
67.71805119750783
49.14449591052342
58.32745389019194
49.06361288648012
60.67431546490594
46.57696939225814
54.31232130665832
86.67324949330295
44.38232054385705
69.65905749222983
55.055901877115566
68.24631839097634
56.87194779569224
58.03523542313876
58.991211153484144
79.89437319
73.92546025844804
61.34890568517507
80.59495968345648
76.19602361411465
74.98151226805373
76.85235000839187
43.714538270215705
85.52498476465617
45.183176883641316
57.10399172
68.41378504775426
36.92776178130167
59.55376566621146
74.06173654
61.61109344431555
69.88460624111427
52.22168157
41.63057635150376
59.9915821
44.967942031698826
54.93160857805761
48.37545322
61.565110858589456
48.81023273476063
53.24321838886937
96.91935845576802
58.44797020764106
56.130470991450636
77.35292808514207
65.37551319
79.94973472926367
64.17946089714238
63.84939121278154
55.74710261122106
80.39954893428188
63.04725729164015
58.79719146250416
93.12752667
37.02745379539706
50.987162580778204
70.72678121087759
48.91451470584574
50.24439141917963
67.07846107979657
59.46378442913785
68.55967385886414
51.04816604884212
58.63982700822103
52.42455192052005
47.024084744944226
47.08599487515621
69.24253662811095
35.13263583390001
54.519874761917585
46.18885445236955
62.70205929479776
54.67349853273102
67.38392446838276
64.35106268
39.23238571849175
65.68661516574959
53.70386488749839
58.714026715408345
54.96540725638192
65.23760297862468
96.79623045
57.141601429025975
96.35081160557245
51.15067894231951
54.42581014198371
77.03659369410855
60.688675190708985
68.50473840437643
63.49843067266353
84.61445241456742
43.32911221000804
47.13477909094422
64.08481498872382
108.13264962657348
51.12127251319025
66.17686214928787
88.48103464649468
72.87050086949908
97.35165261601122
41.18388997045921
45.85975615842671
37.68262083597088
52.19502994
62.18860230435046
48.62252572534744
62.575078820915046
62.512212265963285
50.08326199
65.40090198277449
50.95179113140311
48.84631603355493
74.55939341847063
89.29492111061785
71.95116837414918
52.06783790002744
66.18386906875153
72.58586854890483
65.83849321784865
56.08633794892568
32.62623300142455
68.60963834366734
58.85576628741261
59.833915916584445
51.13447304904657
36.410607902197505
56.758120389472786
75.25278651145852
68.59204093497424
51.57566404539498
59.20702214947444
53.91650737831489
37.52817458863227
60.77089916362159
81.25758990102322
89.20905524404927
55.80906602
66.62165801815425
39.01697376404591
44.937021614217116
64.00043977
65.16231040399899
41.72692150747149
48.272315720194584
49.109550440271924
68.99941056262878
55.29768152609049
59.096985217543434
74.64588663981503
65.89349131543412
46.84461743005854
59.43002378991655
46.16575071
60.20726470314665
75.90784081825741
70.92024179902917
68.33085533
65.02429901415378
72.37020739
62.320514921537445
69.25002577553755
60.58975890329873
65.85641970672195
61.94633879100352
72.90989471117265
74.16393594
52.07045818725881
46.60495775778262
56.18349726
89.01018749560511
68.05544571685718
35.10823577264746
68.85525075
47.50952798554453
59.837597245929125
41.807950932688335
34.88110614560359
85.24891261825444
73.09629002205257
82.74485532824157
67.07803720179822
42.37033806894908
92.75306736994077
31.53589846603885
56.91291019071294
50.67977306935596
50.23360646764666
35.328791972297026
42.34887795188429
53.57777753967794
80.10754657938989
47.50807486588635
65.266107
65.92496766906797
72.03739973903677
51.498466330101195
76.25431442
45.590190605469104
67.60875776983637
50.035920607762215
49.38502056586828
51.29495724711892
41.66860480305525
47.530732853927304
63.154636496900515
68.06540537524558
56.959511037946065
73.28155175
41.779486981041565
57.705265799809425
68.82321873636832
70.53108875
58.564391288526146
96.09783161
61.452410347469204
45.496138281142926
62.53409544773535
42.03083830769386
73.42445496501844
54.53368935542442
53.39872162256811
62.33496726894689
57.06106656
37.47575316132605
35.69252508444658
54.45333017429805
61.42462705846934
66.09414451684735
55.17352679167382
48.64853182769855
59.94578283
48.522139213068826
58.82566906255449
41.71328256624328
54.42533383
38.48156706080377
88.29639155949741
52.80969936160383
72.47006942949609
52.78385352
58.122558150860506
59.944008543046294
49.02815239298554
52.754474361359264
53.74179157265023
67.18531360992353
49.34779355218793
63.455824951865594
67.62812909185911
49.83880651292541
59.806033373946065
66.77095869
66.08548832987661
62.77388256
83.16602967311022
47.343258985761096
91.06230244275434
46.96044323769797
50.64783099366003
67.39296967390112
96.42746889505563
47.969178357405205
41.895710340838015
58.83110002173713
52.39911853569947
90.73218467935925
63.88033087763844
50.186375373050296
70.39051720124583
68.52055648046215
41.88105550507214
109.14130419369594
66.26408341059651
58.31575076333497
56.92353183764678
89.44318721342556
63.11187211199878
61.636858110623415
39.311235637078205
50.86968908789541
40.466135196381714
61.318574255761376
65.87412067523553
28.542755424965325
56.88651324840591
39.69090928562105
65.35938939710694
64.11051992407799
45.67086087846425
58.683675444253474
62.58752492571212
61.66524722858396
92.13054591426476
63.27095385580636
43.58124179159922
59.37903733402031
60.53631124270605
57.652050878542966
55.49788372652115
72.76387577160735
90.34581941286423
81.54498178978051
50.22855842303033
50.713290082134876
67.56227431502914
62.566779234990065
92.87575467176113
66.31252276195154
48.74973096809596
42.34615025948896
61.30997587573893
86.20411813
49.137843880052245
58.77699354021819
60.86730228163063
51.03704211567174
74.31500573144791
77.41000523112729
59.12080875436781
38.80714431685914
52.65916067415186
57.78969972568387
59.69774061519442
58.23867899496554
60.143137859121794
49.98512044582457
58.07218964372544
69.57390389024825
50.64887672577015
66.95635261873703
66.22414727028074
72.98886206140821
54.84141572824069
38.65608735923881
64.88387484027612
85.13729410770672
82.93349882471175
72.31958101
85.84415137092196
54.50331523882912
72.19122663238835
51.244749003339706
52.70039579902276
64.84035585965346
54.590427521352254
47.975968894989634
70.08986428637162
61.40646749
80.30923269325923
43.71040287970542
53.35772693028588
52.232021899893745
55.62065185
68.66804096177823
45.32621769714942
74.17895019
52.443336740641804
75.62521727051373
81.5739546
87.97318181546359
46.81182155687808
53.88231258
69.06774471865734
72.12379261
53.30069128306806
69.96070356779843
59.29396281135317
51.84003501740944
51.23860990168677
76.91765893
57.235476020727916
53.97252265705594
88.94245545590834
61.027959310492996
44.58061916370876
59.92969118
55.75396229580488
54.31894071936275
62.69916163715787
35.501548210973155
61.673197774324564
46.97806215983581
65.83273644994736
66.41626649464652
32.35749861937041
65.24067151033792
67.47294677824631
61.646963352291294
49.49825259543716
77.06532536164394
70.65165782789713
47.42716721585503
60.30384886847972
79.70104465476201
75.46804495912754
74.48703569
56.76233993
76.05519585627057
82.55544392671742
92.06910040426125
68.13303205900579
64.54043041927139
66.08934461474516
57.46112970817876
58.96221581338064
58.800247208786445
52.435539093507224
58.473918726574865
56.52530856396643
64.67883886662607
57.016063980331104
63.759299212587585
64.76035149689397
62.34114783862249
98.73853127810604
72.74859255851295
41.28274089463417
44.244765944781875
72.11693551130058
74.59272864677777
54.843896823309265
61.58344199868355
57.972405230633576
56.39644434629932
69.40311300193495
47.06834675155699
49.99034438860923
68.16948765953886
49.91138354
58.972583451531854
63.07018453555243
37.566586635018126
68.54319368041833
58.52560481125635
88.98560175446141
101.68995137914956
41.74713685760523
58.93334803753571
53.083392592134416
56.991978145991006
45.98486695086495
45.70776303606571
38.000197018468725
50.395353841405786
65.07014117973115
63.96508623073259
106.71686686115977
80.63323778
46.5305823
56.54784980364479
80.45067192979714
68.83147153032418
61.55123759132986
45.90238556579905
56.89746618806353
35.34144146955118
79.99022657129878
68.32692941
67.29453366
55.57864906044384
44.44263551809662
57.21694938892351
68.28310570579235
82.93630113766238
53.117648774535915
41.98993266528975
66.84732241368633
72.92370418796254
58.002227833283314
67.47822496258782
88.05228228993548
53.946962472075924
67.21868748
65.29914934690089
68.22577469753827
61.81007607196022
73.84412958162042
57.31228259698387
41.34186570834391
62.85668692986447
63.830538680689706
57.451423066428376
53.88193893
62.22609198701152
42.32068253762125
78.49510973899642
54.92792133291152
54.911333127037466
54.31785635594322
42.95797777493691
62.93122587531007
61.24486543545588
72.80986413532554
60.645439894668364
61.84403241
89.67202690259687
55.392559329476626
60.74643817785689
51.762814603160294
54.077516506315035
58.08741441346226
42.19208003457164
55.57634485047357
65.85625521023607
75.02812133436298
66.72230127237698
90.48259096523188
68.81603486779629
51.53668314238481
56.474550839350584
73.16967534850068
87.06102595563809
77.12595436338918
67.24254150351072
82.7950224
65.25476281
64.87430242
73.04178248604424
60.49716101875095
53.75727672716086
43.64250834703366
49.032083817216844
62.056866537989464
56.42272850307677
87.26668529424245
48.448348698621444
36.37459520571842
43.87363894053676
50.562620869588585
47.16013923934257
52.52904222542121
61.47702329271253
54.96592498126425
53.055387189538585
61.36575344550736
53.63314807222045
68.44074294368598
59.40622518320555
55.68636954270696
65.23352340314769
48.343466226173874
52.83791419065603
46.713863642921474
53.95794900248123
50.64578050166267
57.192639898396976
46.13840900449472
45.35059175189514
84.08756531993079
96.01059417270892
82.71490346183671
60.403704520843924
37.49858206233492
71.73334435
57.98595742453106
53.40381206927085
65.71185453175613
66.28352178315723
82.68739397374786
92.88296169383925
62.98703423
50.943383771268415
61.12094340762393
43.70817660565663
54.005389887093244
46.31944533491183
72.04884965776391
77.59469557641846
55.38403360305743
65.22947419
63.83095195916629
69.77174028546627
58.05211198875485
74.42525396323649
52.13784376770016
73.85039898687175
76.70780713873626
58.12391035223446
64.71637865409073
59.7664571
66.8266288
67.98953435191025
62.02166534
55.72712265388407
70.25844970555737
64.84939720117161
99.11360045995751
46.15727036916376
90.00531324857135
64.23419838720679
69.95324074698435
51.11743462672102
53.581668451018395
63.4439494
58.95829858556021
43.17335192545399
59.60482615568932
59.711765801303265
52.924301870428955
73.53106138902693
76.71451982
48.915971476439644
54.78195909213218
51.78773492243951
60.92710276889578
73.51790693560393
64.58207851374806
56.45843203869005
52.35108135916443
82.00526502687933
78.13724671848384
65.30540393118714
44.82426818652708
72.80315335554997
60.48781426227561
47.21809996400444
80.02004775811146
65.99912934220679
43.53421674561795
55.38924352
56.70889487497086
52.07813094
67.28766436162286
73.8602522
54.01287682389545
91.73659733182409
62.11993574758434
87.48968789159036
65.10648505363068
73.66388272261095
80.79962448720413
51.55694662009115
74.94604362
48.83861176
58.09979113216363
60.17870336069795
70.77211981609557
39.94928912891256
61.00414252838412
58.29950799575291
40.926848425249716
39.96460759705241
55.10445602668953
42.02970125269265
62.61248964
46.14461703724282
53.14531775884934
51.19677422211572
61.72421469438198
64.17367870081375
36.85717054256269
36.77618518198294
69.68686243801058
46.627581121948225
64.55527075396239
63.26410783041736
60.99289893253193
59.22251339658132
64.33859283537171
45.32392413298318
60.26289738602061
64.33092272483734
69.79018265692828
68.04670028421815
56.248365550392045
61.185452018724845
61.31757921070465
50.019580215503396
60.38513579963633
61.60553660069832
53.80934739116443
60.32548189475943
75.82991233996077
51.628326156203066
98.62978448671238
60.70911475527013
67.31484283278549
73.09268949
63.08677158990528
51.062761339074946
56.45458841
68.13925880762629
65.08710305818323
32.109632796581856
85.25573476
54.86794713779925
50.91704005222689
66.71403712023086
49.65553236870326
65.16821435839609
48.09022055370295
57.591217671926394
58.43793978185161
72.37051127719776
67.78227346437001
54.87029857165512
36.85167115043429
49.217487543513556
64.38906496973489
69.08284491185324
46.58347151272377
60.41164918
55.21119661073652
81.08031860260682
76.92013004856963
64.28176099841617
37.95996630364345
55.84988088487883
53.38472857
59.270020144295074
42.59384475104011
76.05437801
82.74784267694774
55.789568231862276
55.39852881737467
53.54916041
58.524108505166005
66.86131791777791
82.18025371464745
59.21011982114417
58.61134837331258
79.87991022049262
45.22536912158182
73.01439355450015
73.12851846712326
67.69643616448123
51.08684971878579
67.1479659
66.70159221
86.00090182998505
56.40302696661778
67.86782245845511
45.838141303102994
61.94613075243504
58.177496610394584
51.36413346
54.51206262067003
89.47078541078865
65.34648270039976
60.10829084956558
45.88316304801314
52.465863861940534
62.74465441732553
61.553452326045445
80.89307705
58.88167291174738
56.78615271456052
58.33459099341672
59.822670705138314
57.759583466680475
60.76304335603338
67.65273443677576
78.07237831310455
53.482218519989644
43.638204545318104
67.10864312670512
82.81087098551482
57.50188269933178
68.07204740866236
49.880834412528955
61.25823593954305
53.09335592063578
54.60535655960239
51.157409197069434
53.52030718
53.969021707533315
60.937815115194276
60.32734097795149
72.52298217551217
57.34675755665207
47.49539213919108
55.60081295579184
46.010877078939096
72.98184496944442
74.43578008701007
43.94830696860523
43.897470147965066
76.03230125587369
53.25409668694091
59.62974532963218
36.50186285629269
77.12009149872418
87.24460388025886
62.799305276662864
47.244943822338406
84.24210750870402
60.47840965161918
55.50099189830144
91.56230942530438
47.83193298021502
67.54179570945435
44.920978258732774
69.62184759648616
51.99428316286297
44.751035610722575
91.33729896560206
59.84237619267829
47.54847132606746
41.8058789
49.60176669902429
75.54030567859229
57.36578614368816
45.80657914565997
82.52181668916262
46.66413670512454
57.63379450273757
64.60936136560811
56.99893811
61.075154667124245
35.44788925203149
30.75893473367373
63.834971433904016
45.261436721381635
70.05469973116314
47.33597934758845
41.41365417150895
56.62137626872754
53.220467058031915
58.09328429443269
81.78620999078862
49.33056973455825
55.14245019919196
73.34497151738391
53.18682464154633
46.78910644213062
61.00856164253721
66.31005322413151
34.31678659504078
49.97959042312251
66.48442470141204
65.11382316223745
63.54204668
56.49020049490426
43.914523132937504
56.12122456480464
84.50254802928565
70.94003773271046
37.518312369766804
46.981230722000234
46.59527022175131
71.10960721518767
68.53407580602291
86.60858702304068
77.10740461227648
45.28256577212566
59.35582729756326
51.55339841558411
41.185809613322746
68.58224360424536
71.82519255466234
54.00481100785953
81.94549800732925
77.99526679674464
55.36524387783344
53.81053249397273
72.59428789734997
74.16061377814714
51.91960443274121
57.743918468298645
71.33453843
87.87518665934344
66.62608524489369
83.46017786307708
66.36075116
49.330643046312616
74.40960784800389
96.07904379257589
47.73595794382516
75.13633595077494
45.63233059016286
49.89225806610745
67.20092280767769
80.44507396321859
62.20922429191431
52.37973938
74.76848370577616
68.24402793547824
63.503593958007464
41.66336230061715
60.09519463637304
49.00705750624044
41.40155432629113
54.802224987894455
89.60704491
70.14692694761219
59.08021496
59.322000392891695
57.93799746896509
63.94270081702263
55.20228265884159
46.289758966863545
51.03241699308515
67.29083936566677
65.14025304616938
46.198679775731165
57.015729507148144
66.76044901458681
49.107135226794085
83.98745678727109
48.09203865364995
54.02291719920774
84.89884198536761
53.50627244047084
42.24244696697959
48.95505714525086
50.10245922369766
71.51778669046519
62.410355502399995
56.70214320939618
57.60372859415137
60.851677342022555
78.59841037
53.770091554891835
49.264405261172705
54.98588041608064
53.67264056413061
62.66766813640508
53.83198083637726
54.56981354857646
50.07946287810683
49.676180435360585
52.67880391333723
62.121618411689575
67.41046216569713
62.029903221623215
42.39034654152345
75.74658172900004
109.99653004440694
54.870731634704455
46.50636267155173
61.59293016
75.74950346862607
52.723501133122994
68.56017241
58.96743650769711
78.19846453255253
66.01279895202813
63.565665100748745
41.30741801
53.65098800649423
63.318051910643064
96.51179866005342
70.23793114525523
65.31604924841172
45.60910391097261
56.00124129202348
37.313485039641236
41.63888105626409
46.43529817714339
48.53985100347452
52.49273969227035
45.646051213358724
59.746996036376665
44.70695913332422
68.12171452295362
48.80978034929525
56.06305505672594
54.91259513
48.132912026392184
65.64668245
49.16652810195364
63.558841901693135
51.49398658477831
58.44903390889089
51.539212475540864
84.02059606037822
71.35700084519145
107.03459809164849
43.22031894626405
86.52619205
64.10794253019336
67.19141498749309
58.69718425921854
59.4908414
54.769386219884844
72.11952187399194
58.36775858244958
69.91856152169328
62.93857682343521
89.3044446
63.47139281055582
76.47291817941867
54.51929562066721
50.348550011745914
62.87883587232734
57.09657826660768
57.020124291856504
54.68389249
53.183502680549445
87.31004998930192
48.94254238808794
61.92049031358858
36.87799161192718
70.51562427472845
65.60105685
73.14657329129703
50.590543937752116
41.51727890032674
54.49261527700777
99.55265736928588
56.99207249044005
63.45109474623395
55.011166659582834
70.90342376707201
47.05214446029835
59.917297590460144
62.06340437665373
77.61676714675458
85.40365642264511
35.688415338674695
55.5434814
41.83613412822781
49.79717853700132
67.84902508
75.57224836301835
76.95691573281036
38.64747392375194
43.51359665006918
44.06535307
49.25425446965785
58.17921651993766
64.97615818698168
57.85171293754932
53.562421252064915
77.09415622540254
47.19010538233377
55.05158663
44.99822992884097
51.90494774
67.20902665919415
38.98018907924674
50.55130777762019
51.12020685696977
53.28601586891813
58.437890796385275
52.58454866061704
50.71266042274322
57.30033874
56.423135094982506
41.08217747969935
39.52569735364386
51.59781668624374
68.3442225
56.064343757113065
49.65352952962143
72.03008910450878
32.78718838838193
69.04552484124038
67.95530718442984
73.25788689803738
57.51932166346391
55.75632349487367
50.76354484881253
79.31792237887056
47.86101440721193
65.09908298400624
68.98762415681611
61.626682026488574
47.92392384799646
101.30885774045417
61.55963070356866
56.797133518285456
51.95247711516471
49.019942793231635
71.91688448337182
82.33443038917719
79.45298157304632
56.43755799258179
40.592912137785724
51.80579887435049
65.48808625825494
60.55966596042759
53.930495041897096
45.750870301405385
53.27417232540936
72.05293485967853
47.778632035240065
53.100033007952796
68.05360076240648
46.57548238636897
39.771672549809914
65.88650564173615
68.34251147079779
61.37242694938731
42.57153417084191
56.95147289179548
82.94210825961925
42.63347600573359
62.25299416592314
51.688492876146285
61.33719830260553
44.793253251079584
40.368318176916645
66.1021882
60.300896697478315
61.65143729558299
42.18506661404898
64.41498278223303
77.47837346193855
51.965816228286705
63.07189109993466
52.425924188837605
71.28362234668204
48.78332480884031
56.95673447045385
70.75547652
64.84246116167219
47.477360471764854
58.05375512
98.88684211
57.28826455312553
96.62963085356026
53.55577483870169
51.35751099681006
62.935302952186724
75.99130870820059
47.708848407798335
55.13095496814102
87.77541037860829
55.44242007360743
76.49951119304826
92.50821238078505
37.733010798755274
59.749832713367425
34.641021281142244
39.18649156984067
55.62864726269045
77.28966357644344
51.03388386823401
81.37297355353131
57.58700223159238
62.39071671339334
58.42209351532077
75.51771146249827
57.523287170720266
77.47534380797731
48.35716768568576
48.42011708174413
56.34815310119276
45.51112656677193
45.64867628464387
66.62041056119752
61.35500184923925
46.63713236848019
76.08610716886552
51.67413297137911
61.866787003382775
45.13120406177496
52.73927796652862
74.07263539298063
77.47244583186351
46.14409699693335
52.47741415532067
52.859771057329176
51.233617370528044
70.19149835036059
53.82903264776747
78.30948806863272
40.81392796413059
65.06984544178574
72.69608551229463
48.91909008534456
54.637166657210486
45.50259375961545
49.26024676906585
46.793795836522065
74.19068420117726
48.51073474213112
85.77839716543029
75.84315360538467
51.117056490645396
56.23146590700639
43.59993873715657
39.80597663295623
70.11984939612533
65.04904982067434
61.674757485854116
80.28045707462981
59.11818366991653
56.93557725
59.003200140076075
76.07033442
43.84651560189474
56.18713005928612
90.46328199578367
60.52743053854649
52.153507247735675
86.84764297774822
58.96814823433196
75.01027611996939
54.00968947340926
69.56108769501074
53.45286893297435
65.69797984389001
72.11619156818266
44.734312493941594
50.54181424144516
64.99442756976786
67.76316162936973
54.054031550387926
71.06700695625399
85.12663155646652
53.88311919844063
47.786392290851204
63.922120887952794
57.62962124922794
61.27064908924651
75.18904908644113
54.79867588551414
72.15937661
72.52220803915654
51.53837179017409
40.824360876396305
39.84234339021525
79.91404907257733
116.95248386996683
64.8708742
66.18335586755359
69.85937575
55.36428403352056
59.69922400880977
50.60018340723143
66.11140853574501
69.43964385
68.22318811019716
45.82204087614241
78.58490178
67.57630148029506
58.54618785179928
60.243810507160006
45.13737370922081
57.60336486
57.958407895464575
77.29146647178777
59.28366809982843
56.95020266780006
59.19616242772788
59.21038372743015
51.25693429240434
64.44972447560718
49.597851366265594
53.90518261528943
41.346138404807945
62.629342619175745
59.565130981413176
46.88636443218962
53.08325860862399
75.67351868813337
55.17508520492427
40.552866576813194
84.04446169586389
78.37698224
57.41369924794231
52.42603931385001
47.62148412361218
57.02900167416511
57.42924191649207
42.244594184119066
60.196436671587115
61.14242003217913
71.22332275085941
58.734363982235045
36.86756976492666
53.77418855359629
42.89385564791644
59.55106917398987
53.45473260538317
65.14336944320024
67.83412756266127
59.92672031332646
41.45442867866702
72.36330002352473
41.65206703
54.582004869120794
42.76333276977252
56.40176540822866
80.86571792482157
69.10382937230824
63.096147933079024
54.616332574089746
64.98022285989774
39.82293548787274
44.15009993506643
69.20031460286262
53.25839103139909
77.72406390178801
43.66808646043566
79.50994960454543
62.501791291618346
68.18055186605893
62.99220578224785
113.91147857013266
45.937833179037845
49.37233973701579
50.013396328024506
85.50702921905525
65.17272508371013
59.083794734151915
40.43467876
71.24871031532562
72.32387648
88.07487050032168
54.993322072851946
49.13062597399835
60.01131856843482
54.98604973643247
45.211841320893605
75.06050931675827
90.55347396141504
69.61888687
55.49103216252437
49.85561127089881
63.023428804143265
45.835773681101855
67.84264711
55.58789536998225
50.21605791877406
63.14550489317208
58.12622080018652
53.60296224353931
68.06216655546137
51.08583484
47.145417564878656
40.479101024107585
109.2064573997862
46.140198477614746
64.25183361432822
76.37310987667983
39.059031335070806
52.56117308257266
75.56701915
54.981305524798394
75.70040900590688
56.83129410939444
62.47947322181907
80.57827876393418
44.49003983
39.23154499
73.62764102553679
93.02867665314331
56.02127178983872
60.40845059568491
51.41561304700698
69.68170831530644
67.76253780232054
66.74343785537901
44.899213401020965
52.90711274934579
62.043410113408704
79.61408294515498
47.48953333618828
38.21641084
68.58834426427778
68.40761818869927
55.187813971375775
46.24450932744823
31.23519682650353
57.804302667024004
62.79441816738793
50.34641881019329
55.869004392870636
45.23741270350575
53.51951761891515
54.39137998917711
47.679473624054665
52.600827986833366
48.41707929790234
71.18507014109008
65.26416777021635
46.76386922046386
43.433200486077276
71.08458331
68.78130495
54.020987482636684
44.927884985620125
42.35269646663676
50.27937458641408
57.30693230035164
52.969834809493065
67.51296988489749
52.30881747176388
54.10489535554545
95.04411348217606
51.68552116468385
62.48848022796999
49.01111137318763
73.47438922670511
47.853881341496084
58.634819948384425
59.14222744
79.07109129
46.072218580241035
56.364871999673724
42.84974004628402
77.87512920872943
74.61478100551476
69.31685472028467
45.37217583871002
77.23151604748253
63.44072583312252
83.24796739536576
61.425817556025024
74.66184240316508
55.30828704443678
63.525003314619894
56.297396388788634
49.91642328515575
68.61532246588227
70.24257968104719
30.28474374
34.45952307620531
87.09618280900976
81.71641421
61.032252907284736
58.60111657724761
77.14087449400043
57.67330375867046
84.20170797347022
73.62805973471148
69.43238050000271
52.080234514892375
69.55584610042274
45.42933073900161
68.56452258
57.974746012387236
45.00104168237712
45.22956070897254
60.43678421858497
54.004480131144646
65.42305636894078
62.23234112534582
47.40698987851622
56.59713795484243
67.68818421636975
61.74850491434106
57.51588743915892
73.60587834511115
75.98405370489233
70.18041400268363
45.48638102004654
55.32293640592904
63.90020959120364
39.67768831453484
65.09481012601533
54.812540268036905
84.09681394556893
66.92908116372813
60.146424993960686
64.47306756888463
50.91803541555897
69.44922422439716
88.24474429
91.12118503681118
60.35378051779209
53.05854028744743
79.93928235055216
58.56021520727245
59.9669074
49.742506256450355
76.87193515
36.22699262497897
37.46995309106825
50.70956428999386
56.76222329893735
47.646203597716635
48.82079980519396
64.3675536
85.42140213949729
41.52755711976654
66.72468787924444
63.41711267011196
78.86197868
47.18758246478507
46.22909795979072
50.181984841379375
48.66696345536435
54.78158231730508
68.07931470371767
52.448360585386446
52.88959591
76.44624946913322
44.10474405345641
55.04005346995941
49.22747644408592
39.86300628636044
56.08995453647084
52.194419805895464
55.62492146055838
58.52764128888253
42.50204572935318
54.56652616266578
50.3075344
49.227854847848945
61.88859994
44.650420265981964
52.01413150659056
49.76063174164299
59.043180030256586
91.86277518
54.56511576585796
64.99700355249135
58.72929153147187
44.50775911545144
46.12740728475372
71.87420390170311
55.85346378846948
49.11411135
60.56540817
46.563767488008736
62.93586849908309
54.40465573732425
59.52045135274438
40.22756173723377
61.22112760081578
81.29707869
75.68398218706317
59.78736255044604
52.12785553570947
54.081144875666276
46.41640619
60.80110323128216
44.71509999234519
45.04402749416443
56.72094008
65.67994341431769
67.72064549685012
57.968895415918915
65.50150233571112
72.53104096256523
50.90559136940954
53.577867013202905
47.48984065893273
52.864269581458466
74.39544241101916
44.21654442395273
91.58892847738181
42.91884624905843
62.304251753090234
74.86090599001525
77.39239894342755
58.40710911583836
85.74140746906218
58.068722421772904
81.50237905163888
67.33072832866192
69.05131688168137
55.70753769570204
63.805069690113925
68.45523749872974
58.65368795365658
40.05132201305569
55.29581670871325
56.22088901225122
50.34165876961654
104.3076233121179
54.36489349
41.200058224366664
59.48519338310786
45.59226626983861
58.15185998087859
63.663032707913636
40.56996791227568
40.81828388455239
62.687697574349954
76.79487361679823
56.68106928278162
46.80747282224411
64.27983077488163
48.00506026589214
49.93331549263108
84.34479489850837
58.685015729397264
60.49214933072826
64.62182185185515
63.091219821017766
51.25635726409656
67.29153358544643
51.09880281408912
67.47196886899845
45.33470270949108
62.433023455895324
50.36140163002994
84.88935350110248
38.49859476837204
54.51637057158765
57.39609596
74.52006879500989
65.90097741194386
65.88468176324767
36.892392158923926
73.79473567144039
75.04760751089303
75.68480708153638
66.22157458772331
50.490239321374894
52.53082649701364
47.62313061
61.22450566528093
73.72386926742504
62.024684140301616
56.649751396405726
67.87146762732206
90.46341801566724
51.621938255588866
61.76447827796982
59.028569888361694
35.35112326361117
82.19494750176852
77.88346030253473
64.69216427
61.84639384835176
63.18258683320608
59.19074725
57.41576839782532
46.93255526717853
62.21602870311503
52.99959951449074
59.926268067079846
79.59001200461284
49.97093400292356
57.125552666894365
41.17884060280578
64.24618328540895
61.255713439705396
54.01903115673585
49.915045944623394
79.15258520517385
59.27412813745961
43.411639119777526
60.346819108144906
56.03159273002556
66.33235334279534
58.174269262431075
62.954275280858255
50.74632218650178
67.30103507355192
70.54402105477429
95.89875708
38.765835003823994
51.40582984048148
60.58002075821015
48.19662005794077
63.097244674123566
58.11294659
44.15153937447978
59.036862279443845
38.873275735789214
56.252410106233306
48.05191471799413
66.30591753186647
41.20999463474785
87.83916425187505
63.990490678401564
56.06645628829344
66.11084959552335
81.33540931525377
59.618846681325294
58.958149298676304
57.87312716
55.21816740510658
47.82607747673342
54.22726391697335
60.600813247084815
58.85881698606818
58.660388014937794
48.68337206800251
48.322131939764986
71.61040656993826
52.331763967750305
34.38333797743217
62.03923875806916
48.896658343489364
76.87713060532214
60.583685981244535
69.17583010843052
56.82352928995852
39.958043496091165
39.54525082510873
51.39547429
75.14567591769324
66.93988790923517
48.70418791382393
37.89891880883859
68.90797856
64.82040456549146
48.797877297716674
68.40550827128091
91.37774861129108
44.93528674005668
66.23599364
60.034905395074695
65.20872302309407
36.25366906865308
83.89360757882977
42.58194774556411
66.83904681037315
57.95899635746261
58.42053429489251
88.50986579568712
40.609309936317516
57.95291246685925
52.11932837409816
44.02096392419711
47.76894059381996
46.396224931367655
54.25771075854523
42.79655375982877
53.52102036
41.98229140047358
49.20809612376005
66.93460630185616
62.09985227900983
50.50313147596326
57.07423253910275
46.426584374961834
70.66298457688396
60.038672473239274
57.46461824020551
76.85973429972418
60.52373417201276
60.95361558
66.64157372267796
46.565198803700554
71.50538633458298
78.02816407946132
52.20669785415947
57.18154693984171
53.98390837106551
57.33352926291947
67.34758466535874
52.748662187993055
42.98898749099005
57.07045675067784
46.93626407
70.63387168977921
55.92738786714524
46.77567835981014
65.87801793754898
39.06411170789473
46.29502537313893
50.817037602051506
49.77366241840934
68.11689461
51.677086710450375
56.380552911072726
64.03802354
63.10439555766124
38.57536837686872
57.02541991079495
74.53211047580925
72.13429437653312
54.74840261106697
63.70345773792916
78.42474529
52.86451745968147
57.29642937574229
41.76524091910846
65.38076146576627
78.72800941152998
58.087103305777276
42.75120459683066
52.56042238361214
42.15358954690895
64.16401919955007
63.11446611818535
53.34821155782965
80.92552385311312
66.69302580586353
41.71284845238832
38.51421295525153
66.90522658493396
67.96889964
43.614004632862915
49.146221209271005
37.18148249174849
88.67192497932784
43.30609885161224
57.77211816749359
49.63539290099564
55.93867827796404
62.04116997599217
40.41618843664851
28.939004619791554
65.64552516669373
42.77905367484265
52.516342878015266
67.52839835897622
28.49500063
66.71484756900121
57.69514172681854
79.83272955702927
57.48054525805492
56.168680767311905
62.88364608053507
86.29922526144075
66.86320649
62.95051584017727
61.64740160861964
42.78026503426329
46.053110678402504
77.90873129713849
60.40047767416874
43.27841080572106
56.56054637362132
49.14511546741427
54.75927976559212
74.01319042
49.23142569990689
52.868299647181644
58.62804363227095
56.60953142379982
46.93328503119759
60.29345526524072
63.69787041
54.61024311880607
102.61680673127348
41.705741346081155
52.40716858141827
53.212377404025986
93.49438916259342
49.09356968264125
54.372292202123035
85.75600367449763
51.20504445338155
56.376806026754444
35.43699109998743
86.76065853539417
50.00882993527077
56.47543880504369
64.50902692085113
44.54290869224299
61.53287439081657
68.48126665105197
39.04550879784451
71.49620005
58.88929538222453
45.68551080163826
62.19619066309073
59.66994401071644
50.369841980731415
66.31137246461897
49.95573135547725
66.91203747
70.69986459503828
65.63448021
55.95260285161539
58.20919939106162
52.152357340012756
61.26362933026079
54.41291672165323
55.825161065655365
59.39982741689996
59.492808675144595
69.40543154928865
49.05516976
32.259058159297766
62.37635742
50.38361821370711
50.30377870717581
55.89213545370799
54.27995727973672
72.34616080659018
61.53223938462714
52.696840436902335
50.26309890271176
49.19198070663708
62.07255183603021
